181, 0
180, 1
179, 2
178, 3
177, 4
176, 5
175, 6
174, 7
173, 8
172, 9
171, 10
170, 11
169, 12
168, 13
168, 14
168, 15
168, 16
168, 17
168, 18
168, 19
168, 20
168, 21
168, 22
168, 23
168, 24
168, 25
168, 26
168, 27
168, 28
168, 29
168, 30
168, 31
168, 32
168, 33
167, 34
166, 35
165, 36
164, 37
163, 38
162, 39
161, 40
160, 41
159, 42
158, 43
157, 44
156, 45
155, 46
154, 47
153, 48
152, 49
151, 50
150, 51
149, 52
148, 53
147, 54
147, 55
148, 56
147, 57
146, 58
145, 59
145, 60
145, 61
145, 62
146, 63
147, 64
147, 65
148, 66
149, 67
150, 68
151, 69
152, 70
153, 71
154, 72
155, 73
155, 74
156, 75
156, 76
156, 77
157, 78
158, 79
158, 80
158, 81
157, 82
156, 83
155, 84
155, 85
155, 86
155, 87
155, 88
156, 89
157, 90
157, 91
158, 92
158, 93
157, 94
156, 95
156, 96
156, 97
156, 98
155, 99
156, 100
156, 101
155, 102
154, 103
153, 104
152, 103
151, 102
150, 102
149, 101
148, 101
147, 102
146, 103
145, 104
144, 105
143, 106
142, 107
141, 108
140, 109
139, 110
138, 111
137, 112
136, 113
135, 114
134, 115
133, 116
132, 117
131, 118
130, 119
129, 120
128, 121
127, 122
126, 123
125, 124
124, 125
123, 126
122, 127
121, 128
120, 129
119, 130
118, 131
117, 132
116, 133
115, 134
114, 135
113, 136
112, 137
111, 138
110, 139
109, 140
108, 141
107, 142
106, 143
105, 144
104, 145
103, 146
102, 147
101, 148
100, 149
99, 150
98, 151
97, 152
96, 153
95, 154
94, 155
93, 156
92, 157
91, 158
90, 159
89, 160
88, 161
87, 162
86, 163
85, 164
84, 165
83, 166
82, 167
81, 168
80, 169
79, 170
78, 171
77, 172
76, 173
75, 174
74, 175
73, 176
72, 177
71, 178
70, 179
69, 180
68, 181
67, 182
66, 183
65, 184
64, 185
63, 186
62, 187
61, 188
60, 189
59, 190
58, 191
57, 192
56, 193
55, 194
54, 195
53, 196
52, 197
51, 198
50, 199
49, 200
48, 201
47, 202
46, 203
45, 204
44, 205
43, 206
42, 207
41, 208
40, 209
39, 210
38, 211
39, 212
40, 213
40, 214
40, 215
41, 216
41, 217
41, 218
41, 219
41, 220
41, 221
41, 222
41, 223
41, 224
41, 225
42, 226
43, 227
44, 228
45, 229
45, 230
45, 231
45, 232
46, 233
46, 234
46, 235
46, 236
46, 237
47, 238
46, 239
45, 240
45, 241
46, 242
46, 243
47, 244
48, 245
48, 246
48, 247
48, 248
48, 249
48, 250
48, 251
49, 252
49, 253
49, 254
49, 255
48, 256
47, 257
46, 258
46, 259
46, 260
45, 261
44, 262
44, 263
44, 264
44, 265
44, 266
45, 267
45, 268
45, 269
46, 270
47, 271
48, 272
47, 273
47, 274
47, 275
47, 276
47, 277
46, 278
46, 279
46, 280
47, 281
46, 282
45, 283
46, 284
47, 285
48, 286
49, 287
50, 288
51, 289
52, 290
53, 291
54, 292
55, 293
56, 294
57, 295
58, 296
59, 297
60, 298
61, 299
62, 300
63, 301
64, 302
65, 303
66, 304
67, 305
68, 306
69, 307
70, 308
71, 309
72, 310
73, 311
74, 312
75, 313
76, 314
77, 315
78, 316
79, 317
80, 318
81, 319
82, 320
83, 321
84, 322
85, 323
86, 324
87, 325
88, 326
89, 327
90, 328
91, 329
92, 330
93, 331
94, 332
95, 333
96, 334
97, 335
98, 336
99, 337
100, 337
101, 337
102, 337
103, 336
104, 335
105, 334
106, 334
107, 334
108, 333
109, 333
110, 333
111, 333
112, 334
113, 334
114, 335
115, 335
116, 334
117, 334
118, 335
119, 334
120, 334
121, 334
122, 334
123, 335
124, 335
125, 334
126, 334
127, 334
128, 334
129, 334
130, 334
131, 334
132, 334
133, 335
134, 335
135, 335
136, 335
137, 336
138, 337
139, 338
140, 339
141, 339
142, 339
143, 339
144, 340
145, 340
146, 341
147, 342
148, 342
149, 342
150, 343
151, 343
152, 344
153, 345
154, 345
155, 346
156, 346
157, 346
158, 346
159, 346
160, 346
161, 345
162, 345
163, 345
164, 344
165, 344
166, 345
167, 345
168, 345
169, 345
170, 345
171, 344
172, 343
173, 344
174, 345
175, 345
176, 345
177, 345
178, 345
179, 345
180, 345
181, 345
182, 345
183, 345
184, 345
185, 346
186, 346
187, 345
188, 344
189, 343
190, 343
191, 342
192, 341
193, 340
194, 339
195, 338
196, 337
197, 336
198, 335
199, 334
200, 333
201, 332
202, 331
203, 330
204, 329
205, 328
206, 327
207, 326
208, 325
209, 324
210, 323
211, 322
212, 321
213, 320
214, 319
215, 318
216, 317
217, 316
218, 315
219, 314
220, 313
221, 312
222, 311
223, 310
224, 309
225, 308
226, 307
227, 306
228, 305
229, 304
230, 303
231, 302
232, 301
233, 300
234, 299
235, 298
236, 297
237, 296
238, 295
239, 294
240, 293
241, 292
242, 291
243, 290
244, 289
245, 288
246, 287
247, 286
248, 285
249, 284
250, 283
251, 282
252, 281
253, 280
254, 279
255, 278
256, 277
257, 276
258, 275
259, 274
260, 273
261, 272
262, 272
263, 273
264, 274
265, 275
266, 276
267, 277
268, 278
269, 279
270, 280
271, 281
272, 282
273, 283
274, 284
275, 285
276, 286
277, 287
278, 288
279, 289
280, 289
281, 290
282, 290
283, 290
284, 290
285, 290
286, 291
287, 291
288, 291
289, 291
290, 292
291, 293
292, 293
293, 293
294, 293
295, 292
296, 291
297, 291
298, 291
299, 291
300, 291
301, 291
302, 291
303, 292
304, 292
305, 293
306, 292
307, 292
308, 293
309, 294
310, 295
311, 295
312, 295
313, 295
314, 295
315, 294
316, 293
317, 293
318, 293
319, 292
320, 292
321, 292
322, 292
323, 291
324, 291
325, 291
326, 291
327, 291
328, 291
329, 291
330, 291
331, 291
332, 291
333, 291
334, 291
335, 291
336, 292
337, 293
338, 294
339, 295
340, 296
341, 297
342, 298
343, 299
344, 300
345, 301
346, 302
347, 302
348, 302
349, 302
350, 302
351, 302
352, 302
353, 303
354, 303
355, 303
356, 304
357, 305
358, 306
359, 307
360, 307
361, 307
362, 308
363, 308
364, 308
365, 309
366, 309
367, 309
368, 309
369, 309
370, 310
371, 311
372, 311
373, 311
374, 312
375, 313
376, 313
377, 313
378, 313
379, 312
380, 311
381, 311
382, 311
383, 312
384, 313
385, 314
386, 315
387, 315
388, 314
389, 313
390, 312
391, 312
392, 313
393, 312
394, 312
395, 312
396, 311
397, 310
398, 310
399, 310
400, 309
401, 308
402, 308
403, 308
404, 307
404, 306
405, 305
405, 304
405, 303
406, 302
406, 301
407, 300
406, 299
406, 298
405, 297
404, 296
403, 295
403, 294
404, 293
404, 292
404, 291
404, 290
404, 289
404, 288
404, 287
404, 286
405, 285
406, 284
406, 283
406, 282
406, 281
406, 280
406, 279
406, 278
406, 277
407, 276
408, 275
408, 274
408, 273
409, 272
409, 271
409, 270
409, 269
410, 268
410, 267
410, 266
411, 265
411, 264
411, 263
411, 262
412, 261
412, 260
411, 259
411, 258
412, 257
413, 256
413, 255
414, 254
414, 253
414, 252
414, 251
414, 250
414, 249
413, 248
413, 247
414, 246
414, 245
414, 244
415, 243
416, 242
417, 241
418, 240
419, 239
420, 238
421, 237
422, 236
423, 235
424, 234
425, 233
426, 232
427, 231
427, 230
427, 229
427, 228
428, 227
428, 226
428, 225
429, 224
430, 223
431, 222
431, 221
432, 220
433, 219
433, 218
434, 217
435, 216
435, 215
435, 214
435, 213
435, 212
435, 211
435, 210
435, 209
435, 208
435, 207
435, 206
435, 205
434, 204
434, 203
434, 202
434, 201
434, 200
433, 199
433, 198
432, 197
432, 196
431, 195
430, 194
429, 193
428, 192
427, 191
426, 190
426, 189
425, 188
425, 187
425, 186
425, 185
425, 184
425, 183
425, 182
425, 181
425, 180
426, 179
426, 178
427, 177
427, 176
427, 175
427, 174
427, 173
427, 172
427, 171
427, 170
426, 169
426, 168
425, 167
424, 166
423, 165
423, 164
422, 163
421, 162
420, 161
419, 160
418, 159
417, 158
416, 157
415, 156
414, 155
413, 154
412, 153
411, 152
410, 151
409, 150
408, 149
407, 148
406, 147
405, 146
404, 145
403, 144
402, 143
401, 142
400, 141
401, 140
402, 139
403, 138
404, 137
405, 136
406, 135
407, 134
408, 133
409, 132
410, 131
411, 130
412, 129
413, 128
414, 127
415, 126
416, 125
417, 124
418, 123
419, 122
420, 121
421, 120
422, 119
423, 118
424, 117
425, 116
426, 115
427, 114
428, 113
429, 112
430, 111
431, 110
432, 109
433, 108
433, 107
434, 106
435, 105
435, 104
435, 103
435, 102
434, 101
435, 100
435, 99
434, 98
434, 97
434, 96
434, 95
435, 94
435, 93
435, 92
435, 91
435, 90
435, 89
436, 88
436, 87
437, 86
437, 85
437, 84
437, 83
436, 82
435, 81
435, 80
435, 79
435, 78
435, 77
435, 76
435, 75
435, 74
435, 73
435, 72
435, 71
435, 70
435, 69
435, 68
435, 67
435, 66
435, 65
435, 64
434, 63
433, 62
433, 61
433, 60
433, 59
433, 58
433, 57
433, 56
433, 55
433, 54
433, 53
432, 52
431, 51
430, 50
429, 49
428, 48
427, 47
426, 46
425, 45
426, 44
427, 43
428, 42
429, 41
430, 40
431, 39
432, 38
433, 37
434, 36
435, 35
436, 34
436, 33
436, 32
436, 31
436, 30
436, 29
436, 28
436, 27
436, 26
436, 25
436, 24
436, 23
436, 22
436, 21
436, 20
436, 19
436, 18
436, 17
436, 16
436, 15
436, 14
436, 13
436, 12
436, 11
436, 10
436, 9
437, 8
438, 7
439, 6
440, 5
441, 4
442, 3
443, 2
444, 1
445, 0
