0, 114
1, 113
2, 112
3, 111
4, 110
5, 109
6, 108
7, 107
8, 106
9, 105
10, 104
11, 104
12, 104
13, 104
14, 104
15, 104
16, 104
17, 104
18, 104
19, 103
20, 102
21, 101
22, 100
23, 99
24, 98
25, 97
26, 96
27, 95
28, 94
29, 93
30, 92
31, 91
32, 90
33, 89
34, 88
35, 87
36, 86
37, 85
38, 84
39, 83
40, 82
41, 81
42, 80
43, 79
44, 79
45, 80
46, 81
47, 82
48, 83
49, 84
50, 85
51, 86
52, 87
53, 88
54, 89
55, 89
56, 90
57, 90
58, 89
59, 89
60, 89
61, 89
62, 89
63, 89
64, 89
65, 88
66, 88
67, 88
68, 88
69, 87
70, 87
71, 87
72, 88
73, 89
74, 89
75, 89
76, 89
77, 90
78, 90
79, 90
80, 89
81, 89
82, 89
83, 89
84, 88
85, 87
86, 87
87, 87
88, 88
89, 89
90, 89
91, 89
92, 88
93, 88
94, 89
95, 89
96, 89
97, 89
98, 90
99, 89
100, 88
101, 87
102, 86
103, 85
104, 84
105, 83
106, 82
107, 81
108, 81
109, 81
110, 81
111, 81
112, 80
113, 80
114, 79
115, 78
116, 77
117, 76
118, 75
119, 75
120, 75
121, 74
122, 74
123, 74
124, 73
125, 72
126, 71
127, 70
128, 69
129, 68
130, 67
131, 66
132, 65
133, 64
134, 63
135, 62
136, 61
137, 60
138, 59
139, 58
140, 57
141, 56
142, 55
143, 54
144, 53
145, 52
146, 51
147, 50
148, 49
149, 48
150, 47
151, 46
152, 45
153, 44
154, 43
155, 42
156, 41
157, 40
158, 39
159, 38
160, 37
161, 36
162, 35
163, 34
164, 33
165, 32
166, 31
167, 30
168, 29
169, 28
170, 29
171, 30
172, 31
173, 32
174, 33
175, 34
176, 35
177, 36
178, 37
179, 38
180, 39
181, 40
182, 41
183, 42
184, 43
185, 44
186, 45
187, 45
188, 45
189, 45
190, 45
191, 45
192, 44
193, 44
194, 44
195, 43
196, 42
197, 41
198, 40
199, 39
200, 38
201, 37
202, 36
203, 35
204, 34
205, 35
206, 35
207, 36
208, 37
209, 38
210, 39
211, 39
212, 39
213, 39
214, 39
215, 38
216, 39
217, 39
218, 39
219, 38
220, 37
221, 36
222, 36
223, 36
224, 35
225, 35
226, 36
227, 37
228, 38
229, 39
230, 39
231, 39
232, 39
233, 39
234, 39
235, 40
236, 40
237, 39
238, 38
239, 37
240, 36
241, 35
242, 34
243, 33
244, 32
245, 31
246, 30
247, 29
248, 28
249, 27
250, 26
251, 25
252, 24
253, 24
254, 24
255, 24
256, 24
257, 25
258, 25
259, 26
260, 25
261, 25
262, 24
263, 23
264, 22
265, 21
266, 20
267, 20
268, 20
269, 20
270, 20
271, 21
272, 20
273, 20
274, 20
275, 20
276, 20
277, 19
278, 18
279, 18
280, 17
281, 16
282, 15
283, 14
284, 14
285, 14
286, 15
287, 16
288, 17
289, 18
290, 19
291, 19
292, 20
293, 20
294, 21
295, 22
296, 22
297, 23
298, 24
299, 24
300, 25
301, 25
302, 25
303, 26
304, 26
305, 26
306, 26
307, 26
308, 27
309, 28
310, 28
311, 28
312, 28
313, 28
314, 28
315, 28
316, 29
317, 29
318, 29
319, 29
320, 29
321, 30
322, 30
323, 31
324, 30
325, 30
326, 29
327, 28
328, 28
329, 28
330, 28
331, 28
332, 29
333, 29
334, 29
335, 30
336, 31
337, 32
338, 33
339, 33
340, 34
341, 35
342, 36
343, 36
344, 36
345, 36
346, 36
347, 36
348, 36
349, 37
350, 36
351, 37
352, 38
353, 39
354, 40
355, 41
356, 42
357, 43
358, 44
359, 45
360, 46
361, 47
362, 48
363, 49
364, 50
365, 51
366, 52
367, 53
368, 54
369, 55
370, 56
371, 57
372, 58
373, 59
374, 60
375, 61
376, 62
377, 63
378, 64
379, 65
380, 66
381, 67
382, 68
383, 69
384, 70
385, 71
386, 72
387, 73
388, 74
389, 75
390, 76
391, 77
392, 78
393, 79
394, 80
395, 81
396, 82
397, 83
398, 84
399, 85
400, 86
401, 87
402, 88
403, 89
404, 90
405, 91
406, 92
407, 93
408, 94
409, 95
410, 96
411, 97
412, 98
413, 99
414, 100
415, 101
416, 102
417, 103
418, 104
419, 105
420, 106
421, 107
422, 108
423, 109
424, 110
425, 111
426, 112
427, 113
428, 114
429, 115
430, 116
431, 117
432, 118
433, 119
434, 120
435, 121
436, 122
437, 123
438, 124
439, 125
440, 126
441, 127
442, 128
443, 129
444, 130
445, 131
446, 132
447, 133
448, 134
449, 135
450, 136
451, 137
452, 138
453, 139
454, 140
455, 141
455, 142
455, 143
455, 144
455, 145
456, 146
456, 147
457, 148
457, 149
457, 150
457, 151
457, 152
457, 153
457, 154
457, 155
457, 156
457, 157
457, 158
457, 159
457, 160
457, 161
457, 162
457, 163
457, 164
457, 165
456, 166
455, 167
454, 168
453, 169
454, 170
454, 171
454, 172
454, 173
454, 174
454, 175
454, 176
454, 177
454, 178
453, 179
454, 180
454, 181
453, 182
452, 183
451, 184
450, 185
449, 186
448, 187
447, 188
446, 189
445, 190
444, 191
443, 192
443, 193
444, 194
444, 195
443, 196
442, 197
442, 198
441, 199
441, 200
440, 201
439, 202
438, 203
437, 204
436, 205
435, 206
434, 207
433, 208
432, 209
431, 210
430, 211
429, 212
428, 213
427, 214
426, 215
425, 216
424, 217
423, 218
422, 219
421, 220
420, 221
419, 222
418, 223
417, 224
416, 225
415, 226
414, 227
413, 228
412, 229
411, 230
410, 231
409, 232
408, 233
407, 234
406, 235
405, 236
404, 237
403, 238
402, 239
401, 240
400, 241
399, 242
398, 243
397, 244
396, 245
395, 246
394, 247
393, 248
392, 249
391, 250
390, 251
389, 252
388, 253
387, 254
386, 255
385, 256
384, 257
383, 258
382, 259
381, 260
380, 261
379, 262
378, 263
377, 264
376, 265
375, 266
374, 267
373, 268
372, 269
371, 270
370, 271
369, 272
368, 273
367, 274
366, 275
365, 276
364, 277
363, 278
362, 279
361, 280
360, 281
359, 282
358, 283
357, 284
356, 285
355, 286
354, 287
353, 288
352, 289
351, 290
350, 291
349, 292
348, 293
347, 294
346, 295
345, 296
344, 297
343, 298
344, 299
345, 300
346, 301
347, 302
348, 303
349, 304
350, 305
350, 306
350, 307
350, 308
350, 309
350, 310
349, 311
349, 312
348, 313
348, 314
348, 315
347, 316
346, 317
345, 318
344, 319
343, 320
342, 321
341, 322
341, 323
341, 324
341, 325
342, 326
342, 327
342, 328
341, 329
340, 329
339, 329
338, 329
337, 330
336, 331
335, 332
334, 333
333, 334
332, 335
331, 336
330, 336
329, 336
328, 337
327, 336
326, 336
325, 336
324, 335
323, 335
322, 335
321, 335
320, 334
319, 334
318, 333
317, 332
316, 331
315, 330
314, 330
313, 331
312, 332
311, 333
310, 334
309, 335
308, 335
307, 335
306, 335
305, 335
304, 335
303, 335
302, 336
301, 337
300, 338
299, 339
298, 340
297, 341
296, 342
295, 343
294, 344
293, 345
292, 346
291, 347
290, 348
289, 349
288, 350
287, 351
286, 352
285, 353
284, 354
283, 355
282, 356
281, 357
280, 358
279, 359
278, 360
277, 361
276, 362
275, 363
274, 364
273, 365
272, 366
271, 367
270, 368
269, 369
268, 370
267, 371
266, 372
265, 373
264, 374
263, 375
262, 376
261, 377
260, 378
259, 379
258, 380
257, 381
256, 382
255, 383
254, 384
253, 385
252, 386
251, 387
250, 388
250, 389
251, 390
252, 391
253, 392
254, 393
255, 394
255, 395
255, 396
254, 397
254, 398
255, 399
256, 400
257, 401
258, 402
259, 403
260, 404
261, 405
262, 406
263, 407
264, 408
265, 409
266, 410
267, 411
268, 412
269, 413
270, 414
271, 415
272, 416
273, 417
274, 418
275, 419
276, 420
277, 421
278, 422
279, 423
280, 424
281, 425
282, 426
283, 427
284, 428
285, 429
286, 430
287, 431
288, 432
289, 433
290, 434
291, 435
292, 436
293, 437
294, 438
295, 439
296, 439
297, 440
298, 441
299, 442
300, 441
301, 440
302, 440
303, 439
304, 440
305, 440
306, 441
307, 441
308, 442
309, 443
310, 442
311, 442
312, 442
313, 441
314, 441
315, 441
316, 441
317, 441
318, 441
319, 441
320, 440
321, 440
322, 441
323, 440
324, 440
325, 439
326, 439
327, 439
328, 440
329, 440
330, 441
331, 441
332, 441
333, 441
334, 441
335, 441
336, 441
337, 441
338, 442
339, 443
340, 444
341, 445
342, 446
343, 447
344, 447
345, 448
346, 449
347, 449
348, 449
349, 449
350, 449
351, 450
352, 451
353, 451
354, 451
355, 451
356, 451
357, 451
358, 452
359, 451
360, 451
361, 451
362, 450
363, 450
364, 449
365, 448
366, 447
367, 447
368, 446
369, 445
370, 445
371, 445
372, 445
373, 445
374, 445
375, 444
376, 443
377, 443
378, 442
377, 441
378, 440
379, 439
380, 438
381, 437
382, 436
383, 435
384, 434
385, 433
386, 432
387, 431
388, 430
389, 429
390, 428
391, 427
392, 426
393, 425
394, 424
395, 423
396, 422
397, 421
398, 420
399, 419
400, 418
401, 417
402, 416
403, 415
404, 414
405, 413
406, 412
407, 411
408, 410
409, 409
410, 408
411, 407
412, 406
413, 405
414, 404
415, 403
416, 402
417, 401
418, 400
419, 399
420, 398
421, 397
422, 396
423, 395
424, 394
425, 393
426, 392
427, 391
428, 390
429, 389
430, 388
431, 387
432, 386
433, 385
434, 384
435, 383
436, 382
437, 381
438, 380
439, 379
440, 378
441, 377
442, 376
443, 375
444, 374
445, 373
446, 374
447, 375
448, 376
449, 377
450, 378
451, 379
452, 380
453, 381
454, 382
455, 383
456, 383
457, 383
458, 383
459, 383
460, 383
461, 383
462, 383
463, 383
464, 383
465, 383
466, 383
467, 383
468, 383
469, 383
470, 383
471, 383
472, 383
473, 383
474, 383
475, 383
476, 383
477, 383
478, 383
479, 383
480, 383
481, 383
482, 383
483, 383
484, 383
485, 383
486, 383
487, 383
488, 383
489, 383
490, 383
491, 384
492, 385
493, 386
494, 387
495, 388
496, 389
497, 390
498, 391
499, 392
