290, 0
289, 1
288, 2
287, 3
286, 4
285, 5
284, 6
283, 7
282, 8
281, 9
281, 10
281, 11
281, 12
281, 13
281, 14
281, 15
281, 16
281, 17
281, 18
281, 19
281, 20
281, 21
281, 22
281, 23
281, 24
281, 25
281, 26
281, 27
281, 28
281, 29
281, 30
281, 31
281, 32
281, 33
281, 34
281, 35
281, 36
281, 37
281, 38
281, 39
281, 40
280, 41
279, 42
278, 43
279, 44
280, 45
281, 46
282, 47
283, 48
284, 49
285, 50
286, 51
287, 52
288, 53
289, 54
290, 55
291, 56
292, 57
293, 58
294, 59
295, 60
296, 61
297, 62
298, 63
299, 64
300, 65
301, 66
302, 67
303, 68
304, 69
305, 70
306, 71
307, 72
308, 73
309, 74
310, 75
311, 76
312, 77
313, 78
314, 79
315, 80
316, 81
317, 82
318, 83
319, 84
320, 85
321, 86
322, 87
323, 88
324, 89
325, 90
326, 91
327, 92
328, 93
329, 94
330, 95
331, 96
332, 97
333, 98
334, 99
335, 100
336, 101
337, 102
338, 103
339, 104
340, 105
341, 106
342, 107
343, 108
344, 109
345, 110
346, 111
347, 112
348, 113
349, 114
350, 115
351, 116
352, 117
353, 118
354, 119
355, 120
356, 121
357, 122
358, 123
359, 124
359, 125
360, 126
361, 127
362, 128
363, 129
363, 130
363, 131
364, 132
365, 133
366, 134
367, 135
367, 136
368, 137
369, 138
369, 139
369, 140
369, 141
369, 142
368, 143
368, 144
368, 145
369, 146
370, 147
371, 148
372, 149
372, 150
373, 151
374, 152
375, 153
376, 154
377, 155
378, 156
379, 157
380, 158
381, 159
382, 160
383, 161
384, 162
385, 163
386, 164
387, 165
388, 166
389, 167
390, 168
391, 169
392, 170
393, 171
394, 172
395, 173
396, 174
397, 175
398, 176
399, 177
400, 178
401, 179
401, 180
402, 181
403, 182
403, 183
404, 184
405, 185
404, 186
404, 187
403, 188
404, 189
404, 190
403, 191
403, 192
403, 193
403, 194
402, 195
402, 196
402, 197
401, 198
401, 199
400, 200
399, 201
398, 202
397, 203
396, 204
395, 205
394, 206
393, 207
392, 208
391, 209
390, 210
389, 211
389, 212
390, 213
390, 214
389, 215
388, 216
387, 217
386, 218
385, 219
384, 220
383, 221
382, 222
381, 223
380, 224
379, 225
378, 226
377, 227
376, 228
375, 229
374, 230
373, 231
372, 232
371, 233
370, 234
369, 235
368, 236
367, 237
367, 238
366, 239
365, 240
364, 241
363, 242
363, 243
363, 244
362, 245
361, 246
360, 247
359, 248
359, 249
359, 250
358, 251
358, 252
358, 253
357, 254
356, 255
355, 255
354, 256
353, 257
352, 258
351, 259
350, 260
349, 261
348, 262
347, 263
346, 264
345, 265
344, 266
343, 267
342, 268
341, 269
340, 270
339, 271
338, 272
337, 273
336, 274
335, 275
334, 276
333, 277
332, 278
331, 279
330, 280
329, 281
328, 282
327, 283
326, 284
325, 285
324, 286
323, 287
322, 288
321, 289
320, 290
319, 290
318, 291
317, 291
316, 291
315, 292
314, 293
313, 294
312, 294
311, 294
310, 294
309, 294
308, 293
307, 292
306, 292
305, 291
304, 291
303, 291
302, 292
301, 293
300, 293
299, 293
298, 292
297, 292
296, 292
295, 292
294, 291
293, 291
292, 291
291, 291
290, 292
289, 292
288, 291
287, 291
286, 291
285, 291
284, 291
283, 290
282, 290
281, 290
280, 290
279, 290
278, 290
277, 289
276, 288
275, 287
274, 286
273, 285
272, 284
271, 283
270, 282
269, 281
268, 280
267, 280
266, 280
265, 279
264, 278
263, 277
262, 276
261, 275
260, 274
259, 274
258, 273
257, 273
256, 272
255, 272
254, 273
253, 274
252, 275
251, 276
250, 277
249, 278
248, 279
247, 280
246, 281
245, 282
244, 283
243, 284
242, 285
241, 286
240, 287
239, 288
238, 289
237, 290
236, 291
235, 292
234, 291
233, 291
232, 292
231, 293
230, 294
229, 295
228, 296
227, 297
226, 298
225, 299
224, 300
223, 301
222, 302
221, 302
220, 303
219, 303
218, 303
217, 303
216, 303
215, 302
214, 302
213, 303
212, 303
211, 303
210, 303
209, 302
208, 301
207, 300
206, 299
205, 298
204, 297
203, 298
202, 299
201, 300
200, 301
199, 302
198, 303
197, 304
196, 305
195, 306
194, 307
193, 308
192, 309
191, 310
190, 311
189, 312
188, 313
187, 314
186, 315
185, 316
184, 317
183, 318
182, 319
181, 320
180, 321
179, 322
178, 323
177, 324
176, 325
175, 326
174, 327
173, 328
172, 329
171, 330
170, 331
169, 332
168, 333
167, 334
166, 335
165, 336
164, 337
163, 338
162, 339
161, 340
160, 341
159, 342
158, 343
157, 344
156, 345
155, 346
154, 347
153, 348
152, 349
151, 350
150, 351
149, 352
148, 353
147, 354
146, 355
145, 356
144, 357
143, 358
142, 359
141, 360
140, 361
139, 362
138, 363
137, 364
136, 365
135, 366
134, 367
133, 368
132, 369
131, 370
130, 371
129, 372
128, 373
127, 374
126, 375
125, 376
124, 377
123, 378
123, 379
123, 380
123, 381
123, 382
124, 383
124, 384
123, 385
123, 386
122, 387
122, 388
123, 389
123, 390
124, 391
124, 392
123, 393
123, 394
124, 395
124, 396
123, 397
123, 398
123, 399
123, 400
122, 401
123, 402
122, 403
122, 404
121, 405
120, 406
119, 407
118, 408
117, 409
117, 410
116, 411
117, 412
116, 413
116, 414
115, 415
114, 415
113, 414
112, 414
111, 414
110, 415
109, 416
108, 416
107, 417
106, 417
105, 418
104, 419
103, 420
102, 421
101, 422
100, 422
99, 422
98, 422
97, 422
96, 422
95, 422
94, 422
93, 422
92, 422
91, 423
90, 424
89, 424
88, 425
87, 425
86, 425
85, 425
84, 425
83, 425
82, 424
81, 424
80, 423
79, 422
78, 421
77, 420
76, 419
75, 418
74, 417
73, 416
72, 415
71, 414
70, 413
69, 412
68, 411
67, 410
66, 409
65, 408
64, 407
63, 406
62, 405
61, 404
60, 403
59, 402
58, 401
57, 400
56, 399
55, 398
54, 397
53, 396
52, 395
51, 394
50, 393
49, 392
48, 391
47, 390
46, 389
45, 388
44, 387
43, 386
42, 385
41, 384
40, 384
39, 385
38, 386
37, 387
36, 388
35, 389
34, 390
33, 390
32, 391
31, 391
30, 390
29, 390
28, 389
27, 389
26, 390
25, 391
24, 392
23, 392
22, 392
21, 392
20, 392
19, 392
18, 392
17, 392
16, 392
15, 392
14, 392
13, 392
12, 392
11, 392
10, 392
9, 392
8, 393
7, 394
6, 395
5, 396
4, 397
3, 398
2, 399
1, 400
0, 401
