231, 0
230, 1
229, 2
228, 3
227, 4
226, 5
225, 6
224, 7
223, 8
222, 9
222, 10
222, 11
222, 12
222, 13
222, 14
222, 15
222, 16
222, 17
222, 18
222, 19
222, 20
222, 21
222, 22
222, 23
222, 24
222, 25
222, 26
222, 27
222, 28
222, 29
222, 30
222, 31
222, 32
222, 33
222, 34
222, 35
222, 36
222, 37
222, 38
222, 39
222, 40
222, 41
222, 42
222, 43
222, 44
222, 45
221, 46
220, 47
219, 48
218, 49
217, 50
216, 51
215, 52
214, 53
213, 54
212, 55
211, 56
210, 57
209, 58
208, 59
207, 60
206, 61
205, 62
204, 63
203, 64
202, 65
201, 66
200, 67
199, 68
198, 69
197, 70
196, 71
195, 72
194, 73
193, 74
192, 75
191, 76
190, 77
189, 78
188, 79
187, 80
186, 81
185, 82
184, 83
183, 84
182, 85
181, 86
180, 87
179, 88
178, 89
177, 90
176, 91
175, 92
174, 93
173, 94
172, 95
171, 96
170, 97
169, 98
168, 99
167, 100
166, 101
165, 102
164, 103
163, 104
162, 105
161, 106
160, 107
159, 108
158, 109
157, 110
156, 111
155, 112
154, 113
153, 114
152, 115
151, 116
150, 117
149, 118
148, 119
147, 120
146, 121
145, 122
144, 123
143, 124
142, 125
141, 126
140, 127
139, 128
138, 129
137, 130
136, 131
135, 132
134, 133
133, 134
132, 135
131, 136
130, 137
129, 138
128, 139
129, 140
130, 141
131, 142
132, 143
133, 144
134, 145
134, 146
134, 147
134, 148
134, 149
135, 150
134, 151
134, 152
134, 153
134, 154
134, 155
134, 156
133, 157
132, 158
132, 159
132, 160
132, 161
132, 162
133, 163
133, 164
133, 165
133, 166
132, 167
131, 168
130, 169
129, 169
128, 170
127, 171
126, 172
125, 173
124, 174
123, 174
122, 174
121, 174
120, 175
119, 176
118, 177
117, 178
116, 179
115, 180
114, 180
113, 179
112, 180
111, 179
110, 179
109, 179
108, 180
107, 180
106, 179
105, 179
104, 179
103, 180
102, 180
101, 180
100, 181
99, 182
98, 183
97, 184
96, 185
95, 186
94, 187
93, 188
92, 189
91, 190
90, 191
89, 192
88, 193
87, 194
86, 195
85, 196
84, 197
83, 198
82, 199
81, 200
80, 201
79, 202
78, 203
77, 204
76, 205
75, 206
74, 207
73, 208
72, 209
71, 210
70, 211
69, 212
68, 213
67, 214
66, 215
65, 216
64, 217
63, 218
62, 219
61, 220
60, 221
59, 222
58, 223
57, 224
56, 225
55, 226
54, 227
53, 228
52, 229
51, 230
50, 231
49, 232
48, 233
47, 234
46, 235
45, 236
44, 237
43, 238
44, 239
45, 240
46, 241
47, 242
46, 243
45, 244
44, 245
44, 246
44, 247
44, 248
45, 249
46, 250
46, 251
46, 252
45, 253
45, 254
44, 255
43, 256
42, 257
41, 258
40, 259
39, 260
38, 261
37, 262
38, 263
39, 264
40, 265
41, 266
42, 267
43, 268
44, 269
45, 270
46, 271
47, 272
48, 273
49, 274
50, 275
51, 276
52, 277
53, 278
54, 279
55, 280
56, 281
57, 282
58, 283
59, 284
60, 285
61, 286
62, 287
63, 288
64, 289
65, 290
66, 291
67, 292
68, 293
69, 294
70, 295
71, 296
72, 297
73, 298
74, 299
75, 300
76, 301
77, 302
78, 303
79, 304
80, 305
81, 306
82, 307
83, 308
84, 309
85, 310
86, 311
87, 312
88, 313
89, 314
90, 315
91, 316
92, 317
93, 318
94, 319
95, 320
96, 321
97, 322
98, 323
99, 324
100, 325
101, 326
102, 327
103, 328
104, 329
105, 330
106, 331
107, 332
108, 333
109, 334
110, 335
111, 336
112, 337
113, 338
114, 339
115, 340
116, 341
117, 342
118, 343
119, 344
120, 345
121, 346
122, 347
123, 348
124, 349
125, 350
126, 351
127, 352
128, 353
129, 354
130, 355
131, 356
132, 357
133, 358
134, 359
135, 360
136, 361
137, 362
138, 363
139, 364
140, 365
141, 366
142, 367
143, 368
144, 369
145, 370
146, 371
147, 372
147, 373
148, 374
149, 375
150, 376
151, 377
152, 378
153, 379
154, 380
155, 381
156, 382
157, 383
158, 384
159, 385
160, 386
161, 387
162, 388
163, 389
164, 390
165, 391
166, 392
167, 393
168, 394
169, 395
170, 396
171, 397
172, 398
173, 399
174, 400
175, 401
176, 402
177, 403
178, 404
179, 405
180, 406
181, 407
182, 408
183, 409
184, 410
185, 411
186, 412
187, 413
188, 414
189, 415
190, 416
191, 417
192, 417
193, 417
194, 417
195, 418
196, 419
197, 419
198, 419
199, 420
200, 421
201, 422
202, 423
203, 423
204, 424
205, 425
206, 425
207, 425
208, 425
209, 425
210, 425
211, 425
212, 426
213, 427
214, 428
215, 429
216, 430
217, 431
218, 431
219, 432
220, 433
221, 434
222, 435
223, 435
224, 435
225, 435
226, 436
227, 437
228, 437
229, 437
230, 437
231, 437
232, 436
233, 436
234, 435
235, 435
236, 436
237, 436
238, 436
239, 435
240, 435
241, 435
242, 436
243, 435
244, 434
245, 433
246, 432
247, 431
248, 432
249, 432
250, 433
251, 434
252, 435
253, 436
254, 435
255, 435
256, 435
257, 434
258, 434
259, 434
260, 435
261, 435
262, 434
263, 434
264, 434
265, 435
266, 435
267, 435
268, 436
269, 435
270, 435
271, 435
272, 435
273, 435
274, 435
275, 435
276, 434
277, 433
278, 432
279, 432
280, 431
281, 431
282, 431
283, 430
284, 430
285, 430
286, 430
287, 431
288, 432
289, 433
290, 434
291, 435
292, 436
293, 437
294, 438
295, 439
296, 440
297, 441
298, 442
299, 443
300, 444
301, 445
302, 446
303, 447
304, 448
305, 449
306, 450
307, 451
308, 452
309, 453
310, 454
311, 455
312, 456
313, 457
314, 458
315, 459
316, 460
317, 461
318, 462
319, 463
320, 464
321, 465
322, 466
323, 467
323, 468
323, 469
323, 470
323, 471
323, 472
323, 473
323, 474
323, 475
323, 476
323, 477
323, 478
323, 479
323, 480
323, 481
323, 482
323, 483
323, 484
323, 485
323, 486
323, 487
323, 488
323, 489
323, 490
323, 491
324, 492
325, 493
326, 494
327, 495
328, 496
329, 497
330, 498
331, 499
