135, 0
134, 1
133, 2
132, 3
131, 4
130, 5
129, 6
128, 7
127, 8
126, 9
126, 10
126, 11
126, 12
126, 13
126, 14
126, 15
126, 16
126, 17
126, 18
126, 19
126, 20
126, 21
126, 22
126, 23
126, 24
126, 25
126, 26
126, 27
126, 28
126, 29
126, 30
126, 31
126, 32
127, 33
128, 34
129, 35
130, 36
131, 37
132, 38
133, 39
134, 40
135, 41
136, 42
137, 43
138, 44
139, 45
140, 46
141, 47
142, 48
143, 49
144, 50
145, 51
146, 52
147, 53
148, 54
149, 55
150, 56
151, 57
152, 58
153, 59
154, 60
155, 61
156, 62
157, 63
158, 64
159, 65
160, 66
161, 67
162, 68
163, 69
164, 70
165, 71
166, 72
167, 73
168, 74
169, 75
170, 76
171, 77
172, 78
173, 79
174, 80
175, 81
176, 82
177, 83
178, 84
179, 85
180, 86
181, 87
182, 88
183, 89
184, 90
185, 91
186, 92
187, 93
188, 94
189, 95
190, 96
191, 97
192, 98
193, 99
194, 100
195, 101
196, 102
197, 103
198, 104
199, 105
200, 106
201, 107
202, 108
203, 109
204, 110
205, 111
206, 112
207, 113
208, 114
209, 115
210, 116
211, 117
212, 118
213, 119
214, 120
215, 121
216, 122
217, 123
218, 124
219, 125
220, 126
221, 127
222, 128
223, 129
223, 130
224, 131
225, 132
225, 133
225, 134
225, 135
225, 136
225, 137
225, 138
224, 139
223, 140
222, 141
221, 142
220, 143
219, 144
218, 145
218, 146
218, 147
217, 148
216, 149
216, 150
217, 151
218, 152
219, 153
220, 154
221, 155
222, 156
223, 157
224, 158
225, 159
226, 160
227, 161
228, 162
229, 163
230, 164
231, 165
232, 166
233, 167
234, 168
235, 169
236, 170
237, 171
238, 172
239, 173
240, 174
241, 175
242, 176
243, 177
244, 178
245, 179
246, 180
247, 181
248, 182
249, 183
250, 184
251, 185
252, 186
253, 187
254, 188
255, 189
256, 190
257, 191
258, 192
259, 193
260, 194
261, 195
262, 196
263, 197
264, 198
265, 199
266, 200
267, 201
268, 202
269, 203
270, 204
271, 205
272, 206
273, 207
274, 208
275, 209
276, 210
277, 211
278, 212
279, 213
280, 214
281, 215
282, 216
283, 217
284, 218
285, 219
286, 220
287, 221
288, 222
289, 223
290, 224
291, 225
292, 226
293, 227
294, 228
295, 229
296, 230
297, 231
298, 232
299, 233
300, 234
301, 235
302, 236
303, 237
303, 238
304, 239
305, 240
306, 241
307, 242
308, 243
309, 244
310, 245
311, 246
312, 247
313, 248
314, 249
315, 250
316, 251
317, 252
317, 253
318, 254
319, 255
320, 256
321, 257
322, 258
323, 259
324, 260
325, 261
326, 262
327, 263
328, 264
329, 265
330, 266
331, 267
332, 268
333, 269
334, 270
335, 271
336, 272
337, 273
338, 274
339, 275
340, 276
341, 277
342, 278
343, 279
344, 280
345, 281
346, 282
347, 283
348, 284
349, 285
350, 286
351, 287
352, 288
353, 289
354, 290
355, 291
356, 292
357, 293
358, 294
359, 295
360, 296
361, 297
362, 298
363, 299
364, 300
365, 301
366, 302
367, 303
368, 304
369, 305
370, 306
371, 307
372, 308
373, 309
374, 310
375, 311
376, 312
377, 313
377, 314
377, 315
377, 316
377, 317
378, 318
379, 319
379, 320
379, 321
379, 322
379, 323
379, 324
379, 325
380, 326
380, 327
380, 328
380, 329
379, 330
379, 331
379, 332
379, 333
379, 334
379, 335
380, 336
380, 337
380, 338
379, 339
379, 340
379, 341
379, 342
380, 343
380, 344
381, 345
381, 346
381, 347
381, 348
381, 349
381, 350
381, 351
380, 352
381, 353
380, 354
379, 355
380, 356
380, 357
380, 358
380, 359
379, 360
379, 361
379, 362
379, 363
380, 364
380, 365
379, 366
379, 367
378, 368
377, 369
376, 370
375, 371
374, 372
374, 373
373, 374
372, 375
371, 376
370, 377
371, 378
372, 379
373, 380
374, 381
375, 382
376, 383
377, 384
378, 385
379, 386
380, 387
381, 388
382, 389
383, 390
384, 391
385, 392
386, 393
387, 394
388, 395
389, 396
390, 397
391, 398
392, 399
393, 400
394, 401
395, 402
396, 403
397, 404
398, 405
399, 406
400, 407
401, 408
402, 409
403, 410
404, 410
405, 410
406, 411
407, 412
408, 413
409, 414
410, 415
411, 416
412, 417
413, 418
414, 419
415, 420
416, 421
417, 422
418, 423
419, 424
420, 425
421, 425
422, 425
423, 424
424, 425
425, 425
426, 424
427, 423
428, 422
429, 421
430, 420
431, 420
432, 419
433, 419
434, 419
435, 419
436, 419
437, 418
438, 418
439, 418
440, 417
441, 417
442, 417
443, 417
444, 417
445, 417
446, 417
447, 417
448, 418
449, 419
450, 420
451, 421
452, 422
453, 423
454, 424
455, 425
456, 426
457, 426
458, 426
459, 426
460, 426
461, 426
462, 426
463, 426
464, 426
465, 426
466, 426
467, 426
468, 426
469, 426
470, 426
471, 426
472, 426
473, 426
474, 426
475, 426
476, 426
477, 426
478, 426
479, 426
480, 426
481, 426
482, 426
483, 426
484, 426
485, 426
486, 426
487, 426
488, 426
489, 426
490, 426
491, 426
492, 426
493, 427
494, 428
495, 429
496, 430
497, 431
498, 432
499, 433
