666, 999
665, 998
664, 997
663, 996
662, 995
661, 994
660, 993
659, 992
658, 991
657, 990
656, 989
656, 988
656, 987
657, 986
658, 985
658, 984
658, 983
658, 982
658, 981
658, 980
658, 979
658, 978
658, 977
658, 976
658, 975
658, 974
658, 973
658, 972
658, 971
658, 970
658, 969
659, 968
659, 967
659, 966
659, 965
659, 964
659, 963
659, 962
659, 961
659, 960
659, 959
659, 958
659, 957
659, 956
659, 955
659, 954
659, 953
660, 952
661, 951
661, 950
661, 949
661, 948
661, 947
661, 946
661, 945
661, 944
661, 943
661, 942
661, 941
661, 940
661, 939
661, 938
661, 937
661, 936
661, 935
661, 934
661, 933
661, 932
661, 931
661, 930
661, 929
661, 928
661, 927
660, 926
659, 925
658, 924
657, 923
656, 922
655, 921
654, 920
653, 919
652, 918
651, 917
650, 916
649, 915
648, 914
647, 913
646, 912
645, 911
644, 910
643, 909
642, 909
641, 909
640, 909
639, 909
638, 909
637, 909
636, 908
635, 908
634, 908
633, 908
632, 908
631, 908
630, 908
629, 908
628, 908
627, 908
626, 908
625, 908
624, 908
623, 908
622, 908
621, 908
620, 908
619, 908
618, 908
617, 908
616, 907
615, 906
614, 906
613, 906
612, 906
611, 906
610, 906
609, 906
608, 906
607, 906
606, 906
605, 906
604, 906
603, 906
602, 906
601, 906
600, 906
599, 906
598, 906
597, 906
596, 905
595, 905
594, 905
593, 905
592, 905
591, 905
590, 905
589, 905
588, 905
587, 905
586, 905
585, 905
584, 905
583, 905
582, 905
581, 905
580, 905
579, 905
578, 905
577, 905
576, 904
575, 903
574, 903
573, 903
572, 903
571, 903
570, 903
569, 903
568, 903
567, 903
566, 903
565, 903
564, 903
563, 903
562, 903
561, 903
560, 903
559, 903
558, 903
557, 903
556, 903
555, 902
554, 902
553, 902
552, 902
551, 902
550, 902
549, 902
548, 902
547, 902
546, 902
545, 902
544, 902
543, 902
542, 902
541, 902
540, 902
539, 902
538, 902
537, 902
536, 902
535, 902
534, 902
533, 902
532, 902
531, 902
530, 901
529, 901
528, 901
527, 901
526, 901
525, 901
524, 901
523, 900
522, 900
521, 900
520, 900
519, 900
518, 900
517, 900
516, 900
515, 899
514, 898
513, 898
512, 898
511, 898
510, 898
509, 898
508, 898
507, 898
506, 898
505, 898
504, 898
503, 898
502, 898
501, 898
500, 898
499, 898
498, 898
497, 898
496, 898
495, 898
494, 897
493, 897
492, 897
491, 897
490, 897
489, 897
488, 897
487, 897
486, 897
485, 897
484, 897
483, 897
482, 897
481, 897
480, 897
479, 897
478, 897
477, 897
476, 897
475, 897
474, 896
473, 895
472, 895
471, 895
470, 895
469, 895
468, 895
467, 895
466, 895
465, 895
464, 895
463, 895
462, 895
461, 895
460, 895
459, 895
458, 895
457, 895
456, 895
455, 895
454, 895
453, 895
452, 895
451, 895
450, 895
449, 895
448, 895
447, 895
446, 895
445, 895
444, 895
443, 895
442, 895
441, 895
440, 895
439, 895
438, 895
437, 896
436, 897
435, 897
434, 897
433, 897
432, 897
431, 897
430, 897
429, 897
428, 897
427, 897
426, 897
425, 897
424, 897
423, 897
422, 897
421, 897
420, 897
419, 897
418, 897
417, 897
416, 897
415, 898
414, 898
413, 898
412, 898
411, 898
410, 898
409, 898
408, 898
407, 898
406, 898
405, 898
404, 898
403, 898
402, 898
401, 898
400, 898
399, 898
398, 898
397, 898
396, 898
395, 899
394, 900
393, 900
392, 900
391, 900
390, 900
389, 900
388, 900
387, 900
386, 900
385, 900
384, 900
383, 900
382, 900
381, 900
380, 900
379, 900
378, 900
377, 900
376, 900
375, 901
374, 902
373, 902
372, 902
371, 902
370, 902
369, 902
368, 902
367, 902
366, 902
365, 902
364, 902
363, 902
362, 902
361, 902
360, 902
359, 902
358, 902
357, 902
356, 902
355, 902
354, 902
353, 902
352, 903
351, 903
350, 903
349, 903
348, 903
347, 903
346, 903
345, 903
344, 903
343, 903
342, 903
341, 903
340, 903
339, 903
338, 903
337, 903
336, 902
335, 901
334, 900
333, 899
332, 898
331, 897
330, 896
329, 895
328, 894
327, 893
326, 892
325, 891
324, 890
323, 889
322, 888
322, 887
322, 886
322, 885
322, 884
322, 883
322, 882
322, 881
322, 880
322, 879
322, 878
322, 877
321, 876
320, 875
320, 874
320, 873
320, 872
320, 871
320, 870
320, 869
320, 868
320, 867
320, 866
320, 865
320, 864
320, 863
320, 862
320, 861
320, 860
320, 859
320, 858
320, 857
320, 856
320, 855
320, 854
320, 853
320, 852
320, 851
320, 850
319, 849
319, 848
319, 847
319, 846
319, 845
319, 844
319, 843
319, 842
319, 841
319, 840
319, 839
319, 838
319, 837
319, 836
319, 835
319, 834
319, 833
319, 832
319, 831
319, 830
319, 829
319, 828
319, 827
319, 826
319, 825
319, 824
319, 823
318, 822
317, 821
317, 820
317, 819
317, 818
317, 817
317, 816
317, 815
317, 814
317, 813
317, 812
317, 811
317, 810
317, 809
317, 808
317, 807
317, 806
317, 805
317, 804
317, 803
317, 802
317, 801
317, 800
317, 799
318, 798
319, 797
320, 796
321, 795
322, 794
323, 793
324, 792
325, 791
326, 790
327, 789
328, 788
329, 787
330, 786
331, 785
332, 784
333, 783
334, 782
335, 781
336, 780
337, 779
338, 778
339, 777
340, 776
341, 775
342, 774
343, 773
344, 772
345, 771
346, 770
347, 770
348, 770
349, 770
350, 770
351, 770
352, 770
353, 770
354, 770
355, 769
356, 769
357, 769
358, 769
359, 769
360, 769
361, 769
362, 769
363, 769
364, 769
365, 769
366, 769
367, 769
368, 769
369, 769
370, 769
371, 769
372, 768
373, 767
374, 767
375, 767
376, 767
377, 766
377, 765
377, 764
377, 763
377, 762
377, 761
377, 760
377, 759
377, 758
377, 757
377, 756
377, 755
377, 754
377, 753
377, 752
377, 751
377, 750
377, 749
377, 748
376, 747
375, 746
375, 745
375, 744
375, 743
375, 742
375, 741
375, 740
375, 739
375, 738
375, 737
375, 736
375, 735
375, 734
375, 733
375, 732
375, 731
375, 730
375, 729
375, 728
375, 727
375, 726
375, 725
375, 724
375, 723
375, 722
375, 721
375, 720
375, 719
375, 718
375, 717
374, 716
373, 715
373, 714
373, 713
373, 712
373, 711
373, 710
373, 709
373, 708
373, 707
373, 706
373, 705
373, 704
373, 703
373, 702
373, 701
373, 700
373, 699
373, 698
373, 697
373, 696
373, 695
373, 694
373, 693
373, 692
373, 691
373, 690
373, 689
373, 688
373, 687
373, 686
373, 685
373, 684
373, 683
373, 682
373, 681
373, 680
373, 679
373, 678
373, 677
373, 676
373, 675
373, 674
373, 673
373, 672
373, 671
373, 670
372, 669
372, 668
372, 667
372, 666
372, 665
372, 664
372, 663
372, 662
372, 661
372, 660
372, 659
372, 658
372, 657
372, 656
372, 655
373, 654
374, 653
375, 652
376, 651
377, 650
378, 649
379, 648
380, 647
381, 646
382, 645
383, 644
384, 643
385, 642
386, 641
387, 640
388, 639
389, 638
390, 637
391, 636
392, 635
393, 634
394, 633
395, 632
396, 631
397, 630
398, 629
399, 628
400, 627
401, 626
402, 625
403, 625
404, 625
405, 625
406, 625
407, 625
408, 625
409, 625
410, 625
411, 625
412, 624
413, 623
414, 623
415, 623
416, 623
417, 623
418, 623
419, 623
420, 623
421, 623
422, 623
423, 623
424, 623
425, 623
426, 623
427, 623
428, 623
429, 623
430, 623
431, 623
432, 623
433, 623
434, 623
435, 623
436, 623
437, 623
438, 623
439, 623
440, 623
441, 623
442, 623
443, 623
444, 623
445, 623
446, 623
447, 623
448, 623
449, 623
450, 623
451, 623
452, 623
453, 622
453, 621
453, 620
453, 619
453, 618
453, 617
453, 616
453, 615
453, 614
453, 613
453, 612
453, 611
453, 610
453, 609
453, 608
453, 607
453, 606
453, 605
453, 604
453, 603
453, 602
453, 601
453, 600
453, 599
453, 598
453, 597
453, 596
453, 595
453, 594
453, 593
453, 592
453, 591
453, 590
453, 589
453, 588
453, 587
453, 586
453, 585
453, 584
453, 583
453, 582
453, 581
453, 580
453, 579
453, 578
453, 577
452, 576
451, 575
450, 574
449, 573
448, 572
447, 571
446, 570
445, 569
444, 568
443, 567
442, 566
441, 565
440, 564
439, 563
438, 562
437, 561
436, 561
435, 561
434, 561
433, 561
432, 561
431, 561
430, 561
429, 561
428, 561
427, 561
426, 561
425, 561
424, 560
423, 559
422, 558
421, 557
420, 556
419, 555
418, 554
417, 553
416, 552
415, 551
414, 550
413, 549
412, 548
411, 547
410, 546
409, 545
409, 544
409, 543
409, 542
409, 541
409, 540
409, 539
409, 538
409, 537
409, 536
409, 535
409, 534
409, 533
409, 532
409, 531
409, 530
409, 529
409, 528
409, 527
409, 526
409, 525
409, 524
409, 523
409, 522
409, 521
409, 520
409, 519
409, 518
409, 517
409, 516
409, 515
409, 514
409, 513
409, 512
409, 511
409, 510
409, 509
410, 508
411, 507
411, 506
411, 505
411, 504
411, 503
411, 502
411, 501
411, 500
411, 499
411, 498
411, 497
411, 496
411, 495
410, 494
409, 493
409, 492
409, 491
409, 490
409, 489
409, 488
409, 487
409, 486
409, 485
409, 484
409, 483
409, 482
409, 481
409, 480
409, 479
409, 478
409, 477
409, 476
409, 475
409, 474
409, 473
409, 472
409, 471
409, 470
409, 469
409, 468
409, 467
409, 466
409, 465
409, 464
409, 463
409, 462
409, 461
409, 460
409, 459
409, 458
409, 457
409, 456
409, 455
409, 454
409, 453
409, 452
409, 451
409, 450
409, 449
409, 448
409, 447
409, 446
409, 445
409, 444
408, 443
407, 442
406, 441
405, 440
404, 439
403, 438
402, 437
401, 436
400, 435
399, 434
398, 433
397, 432
396, 431
395, 430
394, 429
393, 428
392, 428
391, 428
390, 428
389, 428
388, 428
387, 428
386, 428
385, 428
384, 428
383, 428
382, 428
381, 428
380, 428
379, 428
378, 428
377, 428
376, 428
375, 428
374, 428
373, 428
372, 428
371, 428
370, 428
369, 428
368, 428
367, 428
366, 428
365, 428
364, 428
363, 428
362, 428
361, 428
360, 428
359, 428
358, 428
357, 427
356, 426
355, 425
354, 424
353, 423
352, 422
351, 421
350, 420
349, 419
348, 418
347, 417
346, 416
345, 415
344, 414
344, 413
344, 412
344, 411
344, 410
344, 409
344, 408
344, 407
344, 406
344, 405
344, 404
344, 403
344, 402
344, 401
344, 400
344, 399
344, 398
344, 397
344, 396
344, 395
344, 394
344, 393
344, 392
344, 391
344, 390
344, 389
344, 388
344, 387
344, 386
344, 385
344, 384
343, 383
342, 382
341, 381
340, 380
339, 379
338, 378
337, 377
336, 376
335, 375
334, 374
333, 373
332, 372
331, 371
330, 370
329, 369
328, 368
327, 367
326, 366
325, 365
324, 364
323, 365
322, 366
321, 367
320, 368
319, 369
318, 369
317, 369
316, 369
315, 369
314, 369
313, 369
312, 369
311, 369
310, 369
309, 369
308, 369
307, 369
306, 369
305, 369
304, 369
303, 369
302, 369
301, 369
300, 369
299, 369
298, 369
297, 369
296, 369
295, 369
294, 369
293, 369
292, 369
291, 369
290, 369
289, 369
288, 368
287, 367
286, 367
285, 367
284, 367
283, 367
282, 366
281, 365
280, 364
279, 363
278, 362
277, 361
276, 360
275, 359
274, 358
273, 357
272, 356
271, 355
270, 354
269, 353
268, 352
267, 351
267, 350
267, 349
267, 348
266, 347
266, 346
266, 345
266, 344
266, 343
266, 342
266, 341
266, 340
266, 339
265, 338
264, 337
264, 336
264, 335
264, 334
263, 333
262, 332
261, 331
260, 330
259, 329
258, 328
257, 327
256, 326
255, 325
254, 324
253, 323
252, 322
251, 321
250, 320
249, 319
248, 318
247, 317
246, 316
245, 315
244, 314
243, 313
242, 312
241, 312
240, 312
239, 312
238, 312
237, 312
236, 312
235, 312
234, 312
233, 312
232, 312
231, 312
230, 311
229, 310
228, 309
227, 308
226, 307
225, 306
224, 305
223, 304
222, 303
221, 302
220, 301
219, 300
218, 299
217, 298
216, 297
215, 296
214, 295
214, 294
214, 293
214, 292
214, 291
214, 290
214, 289
214, 288
214, 287
214, 286
214, 285
214, 284
214, 283
214, 282
214, 281
214, 280
213, 279
212, 278
212, 277
212, 276
212, 275
212, 274
212, 273
212, 272
212, 271
212, 270
212, 269
212, 268
212, 267
212, 266
212, 265
212, 264
212, 263
212, 262
212, 261
212, 260
212, 259
212, 258
212, 257
212, 256
212, 255
212, 254
212, 253
211, 252
211, 251
211, 250
211, 249
211, 248
211, 247
211, 246
211, 245
211, 244
211, 243
211, 242
211, 241
212, 240
213, 239
214, 238
215, 237
216, 236
217, 235
218, 234
219, 233
220, 232
221, 231
222, 230
223, 229
224, 228
225, 227
226, 226
227, 225
228, 224
229, 223
230, 222
231, 221
232, 220
233, 219
234, 218
235, 217
236, 216
237, 215
238, 214
239, 213
240, 212
241, 211
242, 210
243, 209
244, 208
245, 207
246, 206
247, 205
248, 204
249, 203
250, 203
251, 203
252, 203
253, 202
254, 202
255, 202
256, 202
257, 202
258, 201
259, 200
260, 200
261, 200
262, 199
263, 198
264, 198
265, 198
266, 198
267, 197
268, 197
269, 196
270, 195
271, 194
272, 193
273, 192
274, 191
275, 190
276, 189
277, 188
278, 187
279, 187
280, 188
281, 189
282, 190
283, 191
284, 192
285, 192
286, 192
287, 191
288, 191
289, 191
290, 191
291, 190
292, 189
293, 189
294, 189
295, 188
296, 187
297, 187
298, 187
299, 187
300, 186
301, 186
302, 186
303, 185
304, 184
305, 184
306, 184
307, 184
308, 183
309, 183
310, 183
311, 182
312, 181
313, 181
314, 180
315, 180
316, 180
317, 180
318, 180
319, 179
320, 178
321, 178
322, 177
323, 177
324, 177
325, 176
326, 175
327, 175
328, 175
329, 175
330, 174
331, 173
332, 173
333, 172
334, 172
335, 172
336, 171
337, 170
338, 170
339, 169
340, 169
341, 169
342, 168
343, 167
344, 167
345, 166
346, 166
347, 166
348, 165
349, 164
350, 164
351, 164
352, 163
353, 162
354, 162
355, 161
356, 161
357, 161
358, 160
359, 159
360, 159
361, 158
362, 158
363, 158
364, 158
365, 158
366, 157
367, 156
368, 156
369, 155
370, 155
371, 155
372, 154
373, 153
374, 153
375, 152
376, 152
377, 152
378, 151
379, 150
380, 150
381, 149
382, 148
383, 148
384, 147
385, 147
386, 147
387, 147
388, 147
389, 146
390, 145
391, 144
392, 143
393, 142
394, 141
395, 140
396, 139
397, 138
398, 137
399, 136
400, 135
401, 134
402, 134
403, 135
404, 136
405, 137
406, 137
407, 137
408, 136
409, 136
410, 136
411, 135
412, 134
413, 134
414, 133
415, 133
416, 133
417, 132
418, 131
419, 131
420, 131
421, 131
422, 130
423, 130
424, 130
425, 129
426, 128
427, 128
428, 127
429, 127
430, 127
431, 126
432, 125
433, 125
434, 124
435, 123
436, 123
437, 122
438, 122
439, 122
440, 122
441, 121
442, 120
443, 120
444, 119
445, 119
446, 119
447, 118
448, 117
449, 117
450, 116
451, 116
452, 116
453, 115
454, 114
455, 114
456, 113
457, 112
458, 112
459, 111
460, 111
461, 111
462, 110
463, 109
464, 109
465, 109
466, 108
467, 108
468, 108
469, 107
470, 106
471, 106
472, 106
473, 105
474, 105
475, 105
476, 105
477, 104
478, 103
479, 103
480, 102
481, 102
482, 102
483, 101
484, 100
485, 100
486, 99
487, 98
488, 98
489, 97
490, 97
491, 97
492, 96
493, 95
494, 95
495, 94
496, 94
497, 94
498, 93
499, 92
500, 92
501, 92
502, 91
503, 91
504, 91
505, 90
506, 89
507, 89
508, 88
509, 87
510, 87
511, 86
512, 86
513, 86
514, 85
515, 84
516, 84
517, 83
518, 83
519, 83
520, 82
521, 81
522, 81
523, 80
524, 80
525, 80
526, 80
527, 80
528, 79
529, 78
530, 78
531, 77
532, 77
533, 77
534, 76
535, 75
536, 75
537, 74
538, 73
539, 73
540, 73
541, 72
542, 72
543, 72
544, 71
545, 70
546, 70
547, 69
548, 69
549, 69
550, 68
551, 67
552, 67
553, 66
553, 65
553, 64
553, 63
553, 62
552, 61
552, 60
552, 59
552, 58
551, 57
550, 56
550, 55
549, 54
548, 53
548, 52
548, 51
548, 50
547, 49
547, 48
547, 47
546, 46
545, 45
545, 44
544, 43
544, 42
544, 41
544, 40
544, 39
543, 38
542, 37
542, 36
541, 35
541, 34
541, 33
541, 32
541, 31
540, 30
539, 29
539, 28
538, 27
537, 26
537, 25
537, 24
537, 23
536, 22
536, 21
536, 20
535, 19
534, 18
534, 17
534, 16
533, 15
533, 14
533, 13
533, 12
532, 11
531, 10
531, 9
531, 8
530, 7
530, 6
531, 5
532, 4
533, 3
534, 2
535, 1
