976, 987
975, 986
974, 985
973, 984
972, 983
971, 982
970, 981
969, 980
969, 979
969, 978
968, 977
967, 976
967, 975
966, 974
966, 973
966, 972
966, 971
966, 970
965, 969
964, 968
964, 967
963, 966
962, 965
961, 964
960, 963
959, 962
958, 961
957, 960
956, 959
957, 958
958, 957
958, 956
959, 955
958, 954
958, 953
958, 952
958, 951
957, 950
956, 949
956, 948
956, 947
956, 946
957, 945
958, 944
959, 943
960, 942
961, 941
962, 940
963, 939
964, 938
964, 937
964, 936
963, 935
962, 934
962, 933
962, 932
962, 931
961, 930
961, 929
961, 928
960, 927
959, 926
959, 925
958, 924
958, 923
958, 922
957, 921
956, 920
956, 919
955, 918
955, 917
955, 916
954, 915
953, 914
952, 913
952, 912
952, 911
951, 910
950, 909
950, 908
949, 907
948, 906
947, 905
947, 904
947, 903
946, 902
945, 901
945, 900
944, 899
944, 898
944, 897
943, 896
942, 895
942, 894
941, 893
941, 892
940, 891
939, 890
939, 889
938, 888
937, 887
937, 886
936, 885
936, 884
936, 883
935, 882
934, 881
934, 880
933, 879
933, 878
933, 877
932, 876
931, 875
931, 874
931, 873
930, 872
930, 871
930, 870
929, 869
928, 868
928, 867
927, 866
926, 865
925, 864
925, 863
925, 862
924, 861
923, 860
923, 859
922, 858
921, 857
920, 856
919, 855
918, 854
917, 853
916, 852
915, 851
914, 850
913, 849
912, 848
911, 847
910, 846
909, 845
908, 844
907, 843
906, 842
905, 843
904, 844
903, 844
902, 844
901, 844
900, 844
899, 845
898, 845
897, 845
896, 845
895, 845
894, 846
893, 847
892, 847
891, 847
890, 847
889, 847
888, 847
887, 847
886, 848
885, 848
884, 848
883, 848
882, 848
881, 849
880, 850
879, 850
878, 850
877, 850
876, 850
875, 851
874, 852
873, 852
872, 852
871, 852
870, 852
869, 852
868, 853
867, 853
866, 853
865, 853
864, 853
863, 853
862, 854
861, 855
860, 855
859, 855
858, 855
857, 856
856, 856
855, 856
854, 856
853, 856
852, 857
851, 858
850, 858
849, 858
848, 858
847, 858
846, 858
845, 858
844, 859
843, 859
842, 859
841, 859
840, 859
839, 860
838, 861
837, 861
836, 861
835, 861
834, 861
833, 861
832, 862
831, 862
830, 863
829, 864
828, 864
827, 864
826, 864
825, 865
824, 866
823, 866
822, 866
821, 866
820, 866
819, 866
818, 867
817, 867
816, 867
815, 867
814, 867
813, 867
812, 867
811, 867
810, 867
809, 867
808, 867
807, 867
806, 867
805, 867
804, 867
803, 866
802, 866
801, 867
800, 867
799, 867
798, 867
797, 867
796, 867
795, 866
794, 865
793, 864
792, 863
791, 862
790, 861
789, 860
790, 859
791, 858
791, 857
791, 856
792, 855
792, 854
792, 853
792, 852
792, 851
792, 850
792, 849
792, 848
792, 847
792, 846
792, 845
792, 844
791, 843
791, 842
791, 841
790, 840
789, 839
788, 838
788, 837
787, 836
787, 835
787, 834
786, 833
786, 832
786, 831
785, 830
784, 829
783, 828
782, 827
781, 826
780, 825
779, 824
778, 823
777, 822
776, 821
775, 820
774, 819
773, 819
772, 819
771, 818
770, 817
769, 816
768, 815
767, 814
766, 813
766, 812
765, 811
764, 810
764, 809
764, 808
763, 807
762, 806
762, 805
761, 804
761, 803
761, 802
760, 801
759, 800
758, 799
757, 798
758, 797
758, 796
758, 795
758, 794
757, 793
756, 792
756, 791
755, 790
755, 789
755, 788
755, 787
754, 786
753, 785
753, 784
752, 783
752, 782
752, 781
752, 780
751, 779
750, 778
750, 777
749, 776
748, 775
748, 774
748, 773
747, 772
747, 771
747, 770
746, 769
745, 768
744, 767
744, 766
744, 765
744, 764
743, 763
742, 762
742, 761
741, 760
741, 759
741, 758
740, 757
739, 756
739, 755
738, 754
737, 753
736, 752
735, 751
734, 750
733, 749
732, 748
732, 747
732, 746
732, 745
731, 744
731, 743
731, 742
730, 741
730, 740
730, 739
729, 738
728, 737
728, 736
727, 735
727, 734
727, 733
726, 732
725, 731
725, 730
724, 729
723, 728
723, 727
722, 726
722, 725
722, 724
722, 723
721, 722
720, 721
720, 720
719, 719
719, 718
719, 717
718, 716
717, 715
717, 714
716, 713
716, 712
716, 711
715, 710
714, 709
714, 708
713, 707
712, 706
711, 705
710, 704
709, 703
708, 703
707, 703
706, 704
705, 705
704, 705
703, 705
702, 706
701, 706
700, 707
699, 708
698, 708
697, 708
696, 707
695, 706
694, 705
693, 704
692, 703
691, 702
690, 701
689, 700
689, 699
689, 698
688, 697
687, 696
687, 695
686, 694
686, 693
686, 692
685, 691
684, 690
684, 689
683, 688
683, 687
683, 686
682, 685
681, 684
681, 683
680, 682
680, 681
680, 680
679, 679
678, 678
678, 677
677, 676
677, 675
677, 674
677, 673
676, 672
675, 671
675, 670
674, 669
673, 668
672, 667
671, 666
670, 665
669, 664
668, 663
667, 662
666, 661
665, 660
664, 659
663, 658
662, 657
661, 656
660, 655
659, 655
658, 654
657, 653
656, 652
655, 651
654, 650
653, 649
652, 648
651, 647
650, 646
649, 645
648, 644
647, 643
646, 642
645, 641
644, 640
643, 639
642, 638
641, 637
640, 636
639, 635
638, 634
637, 633
636, 632
636, 631
636, 630
635, 629
634, 628
634, 627
634, 626
634, 625
634, 624
634, 623
633, 622
633, 621
633, 620
633, 619
633, 618
633, 617
632, 616
631, 615
631, 614
631, 613
631, 612
631, 611
630, 610
630, 609
630, 608
630, 607
630, 606
630, 605
629, 604
628, 603
628, 602
627, 601
626, 600
625, 599
624, 598
623, 597
622, 597
621, 597
620, 597
619, 598
618, 598
617, 598
616, 599
615, 600
614, 600
613, 600
612, 600
611, 600
610, 600
609, 601
608, 602
607, 602
606, 602
605, 602
604, 603
603, 603
602, 603
601, 603
600, 604
599, 605
598, 605
597, 605
596, 605
595, 605
594, 605
593, 606
592, 606
591, 606
590, 606
589, 607
588, 608
587, 608
586, 608
585, 608
584, 608
583, 608
582, 609
581, 609
580, 609
579, 609
578, 610
577, 611
576, 611
575, 611
574, 611
573, 611
572, 612
571, 612
570, 612
569, 612
568, 612
567, 613
566, 614
565, 614
564, 614
563, 614
562, 614
561, 615
560, 616
559, 616
558, 616
557, 616
556, 616
555, 616
554, 616
553, 616
552, 616
551, 616
550, 616
549, 616
548, 616
547, 616
546, 615
545, 614
544, 614
543, 613
542, 612
541, 612
540, 611
539, 611
538, 611
537, 611
536, 610
535, 609
534, 609
533, 608
532, 608
531, 608
530, 607
529, 606
528, 606
527, 605
526, 604
525, 603
524, 603
523, 603
522, 602
521, 602
520, 602
519, 601
518, 600
517, 600
516, 599
515, 598
514, 598
513, 597
512, 597
511, 597
510, 596
509, 595
508, 595
507, 594
506, 594
505, 593
504, 592
503, 592
502, 591
501, 591
500, 591
499, 590
498, 589
497, 589
496, 588
495, 587
494, 587
493, 586
492, 586
491, 585
490, 584
489, 583
488, 582
487, 581
486, 580
486, 579
486, 578
485, 577
484, 576
483, 575
482, 574
481, 573
480, 572
479, 573
478, 573
477, 573
476, 573
475, 574
474, 575
473, 575
472, 575
471, 575
470, 575
469, 576
468, 577
467, 577
466, 577
465, 576
464, 575
463, 574
462, 573
461, 572
460, 571
459, 570
458, 569
457, 568
456, 567
456, 566
456, 565
456, 564
455, 563
455, 562
455, 561
455, 560
455, 559
455, 558
454, 557
453, 556
453, 555
453, 554
453, 553
452, 552
452, 551
452, 550
452, 549
452, 548
452, 547
451, 546
450, 545
450, 544
450, 543
450, 542
449, 541
448, 540
448, 539
448, 538
448, 537
448, 536
447, 535
447, 534
447, 533
447, 532
447, 531
446, 530
445, 529
445, 528
445, 527
445, 526
445, 525
444, 524
444, 523
444, 522
444, 521
444, 520
444, 519
443, 518
442, 517
442, 516
442, 515
442, 514
442, 513
442, 512
441, 511
441, 510
441, 509
441, 508
441, 507
441, 506
440, 505
439, 504
439, 503
439, 502
439, 501
439, 500
438, 499
437, 498
436, 497
435, 496
434, 495
433, 494
432, 493
431, 492
430, 491
430, 490
431, 489
432, 488
433, 487
434, 486
434, 485
434, 484
434, 483
433, 482
433, 481
433, 480
433, 479
433, 478
433, 477
432, 476
431, 475
431, 474
431, 473
431, 472
431, 471
431, 470
430, 469
430, 468
430, 467
430, 466
430, 465
430, 464
429, 463
428, 462
428, 461
428, 460
428, 459
428, 458
427, 457
427, 456
427, 455
427, 454
427, 453
426, 452
425, 451
425, 450
425, 449
425, 448
424, 447
423, 446
423, 445
423, 444
423, 443
423, 442
422, 441
422, 440
422, 439
422, 438
422, 437
421, 436
420, 435
420, 434
420, 433
419, 432
419, 431
419, 430
419, 429
419, 428
419, 427
418, 426
417, 425
417, 424
417, 423
417, 422
416, 421
416, 420
416, 419
416, 418
416, 417
415, 416
414, 415
414, 414
414, 413
414, 412
414, 411
413, 410
412, 409
411, 408
410, 407
409, 406
408, 405
407, 404
408, 403
409, 402
410, 401
411, 400
412, 399
413, 398
414, 397
415, 396
416, 395
417, 394
418, 393
419, 392
420, 391
