976, 987
976, 986
976, 985
976, 984
976, 983
976, 982
976, 981
975, 980
974, 979
974, 978
974, 977
974, 976
974, 975
974, 974
974, 973
974, 972
973, 971
973, 970
973, 969
973, 968
973, 967
973, 966
972, 965
972, 964
972, 963
972, 962
972, 961
972, 960
972, 959
972, 958
972, 957
972, 956
972, 955
972, 954
972, 953
972, 952
972, 951
972, 950
972, 949
972, 948
971, 947
970, 946
969, 945
968, 944
967, 943
967, 942
966, 941
966, 940
966, 939
966, 938
966, 937
966, 936
966, 935
966, 934
966, 933
966, 932
966, 931
966, 930
965, 929
965, 928
964, 927
963, 926
963, 925
963, 924
962, 923
961, 922
961, 921
961, 920
960, 919
960, 918
959, 917
958, 916
958, 915
958, 914
957, 913
956, 912
955, 911
955, 910
955, 909
954, 908
954, 907
953, 906
952, 905
952, 904
952, 903
951, 902
951, 901
950, 900
949, 899
949, 898
948, 897
947, 896
947, 895
947, 894
946, 893
946, 892
945, 891
944, 890
944, 889
944, 888
944, 887
943, 886
942, 885
941, 884
940, 883
939, 882
938, 881
937, 880
936, 879
935, 878
934, 877
933, 876
933, 875
933, 874
933, 873
933, 872
933, 871
933, 870
933, 869
932, 868
931, 867
930, 866
929, 865
928, 864
927, 863
926, 862
925, 861
924, 860
923, 859
922, 858
921, 857
920, 856
919, 855
918, 855
917, 855
916, 855
915, 854
914, 854
913, 854
912, 854
911, 854
910, 854
909, 854
908, 854
907, 854
906, 854
905, 854
904, 854
903, 854
902, 854
901, 854
900, 854
899, 854
898, 854
897, 854
896, 854
895, 854
894, 854
893, 854
892, 854
891, 854
890, 854
889, 854
888, 854
887, 854
886, 854
885, 854
884, 854
883, 854
882, 854
881, 854
880, 854
879, 854
878, 854
877, 854
876, 854
875, 854
874, 854
873, 854
872, 854
871, 854
870, 854
869, 854
868, 854
867, 854
866, 854
865, 854
864, 854
863, 854
862, 854
861, 855
860, 855
859, 855
858, 855
857, 856
856, 856
855, 856
854, 856
853, 856
852, 857
851, 858
850, 858
849, 858
848, 858
847, 858
846, 858
845, 858
844, 859
843, 859
842, 859
841, 859
840, 859
839, 860
838, 861
837, 861
836, 861
835, 861
834, 861
833, 861
832, 862
831, 862
830, 863
829, 864
828, 864
827, 864
826, 864
825, 865
824, 866
823, 867
822, 867
821, 867
820, 867
819, 867
818, 867
817, 867
816, 867
815, 867
814, 867
813, 867
812, 867
811, 867
810, 867
809, 867
808, 867
807, 867
806, 867
805, 867
804, 867
803, 867
802, 867
801, 867
800, 867
799, 867
798, 867
797, 867
796, 867
795, 866
794, 865
794, 864
794, 863
794, 862
794, 861
794, 860
794, 859
794, 858
794, 857
794, 856
794, 855
794, 854
794, 853
794, 852
794, 851
794, 850
794, 849
794, 848
794, 847
794, 846
794, 845
794, 844
794, 843
794, 842
794, 841
794, 840
794, 839
793, 838
792, 837
791, 836
790, 835
789, 834
788, 833
787, 832
786, 831
785, 830
784, 829
783, 828
782, 828
781, 828
780, 827
779, 826
778, 825
777, 824
776, 823
775, 822
774, 821
773, 820
772, 819
771, 818
770, 817
769, 816
769, 815
769, 814
768, 813
768, 812
768, 811
768, 810
767, 809
766, 808
766, 807
766, 806
765, 805
765, 804
764, 803
763, 802
763, 801
763, 800
763, 799
762, 798
761, 797
761, 796
761, 795
760, 794
760, 793
760, 792
759, 791
758, 790
758, 789
758, 788
758, 787
757, 786
757, 785
756, 784
755, 783
755, 782
755, 781
754, 780
754, 779
754, 778
753, 777
752, 776
752, 775
752, 774
752, 773
751, 772
751, 771
750, 770
749, 769
749, 768
748, 767
747, 766
747, 765
747, 764
746, 763
746, 762
745, 761
744, 760
744, 759
744, 758
743, 757
743, 756
742, 755
741, 754
741, 753
741, 752
740, 751
740, 750
740, 749
740, 748
740, 747
739, 746
738, 745
737, 744
736, 743
735, 742
734, 741
733, 740
733, 739
732, 738
732, 737
731, 736
730, 735
730, 734
730, 733
729, 732
729, 731
728, 730
727, 729
727, 728
727, 727
726, 726
726, 725
726, 724
725, 723
724, 722
724, 721
723, 720
722, 719
722, 718
721, 717
720, 716
719, 715
719, 714
719, 713
718, 712
717, 711
716, 710
715, 709
714, 708
713, 707
712, 706
711, 705
710, 705
709, 705
708, 705
707, 705
706, 705
705, 705
704, 705
703, 705
702, 706
701, 706
700, 707
699, 708
698, 708
697, 708
696, 707
696, 706
695, 705
694, 704
694, 703
694, 702
693, 701
693, 700
693, 699
692, 698
691, 697
691, 696
691, 695
690, 694
690, 693
689, 692
688, 691
688, 690
687, 689
686, 688
686, 687
686, 686
685, 685
685, 684
684, 683
683, 682
683, 681
683, 680
682, 679
682, 678
681, 677
680, 676
680, 675
679, 674
678, 673
677, 672
676, 671
675, 670
674, 669
673, 669
672, 668
671, 667
670, 666
669, 665
668, 664
667, 663
666, 662
665, 661
664, 660
663, 659
662, 658
661, 657
660, 656
659, 655
658, 654
658, 653
657, 652
657, 651
657, 650
657, 649
656, 648
655, 647
655, 646
655, 645
655, 644
655, 643
655, 642
654, 641
654, 640
654, 639
654, 638
654, 637
654, 636
653, 635
652, 634
652, 633
652, 632
652, 631
652, 630
651, 629
651, 628
651, 627
651, 626
651, 625
650, 624
649, 623
648, 622
647, 621
646, 620
645, 619
644, 618
643, 617
642, 616
641, 615
640, 614
639, 613
638, 612
637, 611
636, 610
635, 609
634, 608
633, 607
632, 606
631, 605
630, 604
629, 603
628, 602
627, 601
626, 601
625, 601
624, 601
623, 601
622, 601
621, 601
620, 601
619, 601
618, 601
617, 601
616, 601
615, 601
614, 601
613, 601
612, 601
611, 601
610, 601
609, 601
608, 602
607, 602
606, 602
605, 602
604, 603
603, 603
602, 603
601, 603
600, 604
599, 605
598, 605
597, 605
596, 605
595, 605
594, 605
593, 606
592, 606
591, 606
590, 606
589, 607
588, 608
587, 608
586, 608
585, 608
584, 608
583, 608
582, 609
581, 609
580, 609
579, 609
578, 610
577, 611
576, 611
575, 611
574, 611
573, 611
572, 612
571, 612
570, 612
569, 612
568, 612
567, 613
566, 614
565, 614
564, 614
563, 614
562, 614
561, 615
560, 616
559, 616
558, 616
557, 616
556, 616
555, 616
554, 616
553, 616
552, 616
551, 616
550, 616
549, 616
548, 616
547, 616
546, 616
545, 616
544, 616
543, 616
542, 616
541, 616
540, 616
539, 616
538, 616
537, 616
536, 616
535, 615
534, 615
533, 614
532, 613
531, 613
530, 612
529, 611
528, 611
527, 610
526, 610
525, 609
524, 608
523, 608
522, 608
521, 607
520, 607
519, 606
518, 605
517, 605
516, 605
515, 604
514, 604
513, 604
512, 603
511, 602
510, 602
509, 602
508, 601
507, 600
506, 599
505, 598
504, 597
503, 597
502, 596
501, 595
500, 594
499, 593
498, 592
497, 591
496, 590
495, 589
494, 588
493, 587
492, 586
491, 585
491, 584
491, 583
490, 582
489, 581
488, 580
487, 579
486, 578
485, 577
484, 577
483, 577
482, 577
481, 577
480, 577
479, 577
478, 577
477, 577
476, 577
475, 577
474, 577
473, 577
472, 577
471, 577
470, 577
469, 577
468, 577
467, 577
466, 577
465, 576
465, 575
465, 574
464, 573
463, 572
463, 571
463, 570
462, 569
461, 568
461, 567
461, 566
461, 565
461, 564
461, 563
461, 562
460, 561
460, 560
460, 559
459, 558
458, 557
458, 556
458, 555
458, 554
458, 553
458, 552
457, 551
457, 550
457, 549
457, 548
456, 547
455, 546
455, 545
455, 544
455, 543
455, 542
454, 541
454, 540
454, 539
454, 538
454, 537
454, 536
454, 535
453, 534
452, 533
452, 532
452, 531
452, 530
451, 529
451, 528
451, 527
451, 526
451, 525
451, 524
450, 523
449, 522
449, 521
449, 520
448, 519
447, 518
447, 517
447, 516
447, 515
447, 514
447, 513
447, 512
446, 511
446, 510
446, 509
446, 508
446, 507
445, 506
444, 505
444, 504
444, 503
444, 502
444, 501
444, 500
443, 499
443, 498
443, 497
443, 496
443, 495
443, 494
443, 493
443, 492
443, 491
443, 490
443, 489
443, 488
443, 487
443, 486
442, 485
441, 484
440, 483
440, 482
439, 481
438, 480
438, 479
438, 478
438, 477
438, 476
437, 475
436, 474
436, 473
436, 472
436, 471
436, 470
435, 469
435, 468
435, 467
435, 466
435, 465
434, 464
433, 463
433, 462
433, 461
433, 460
433, 459
433, 458
432, 457
432, 456
432, 455
432, 454
432, 453
431, 452
430, 451
430, 450
430, 449
430, 448
430, 447
429, 446
429, 445
429, 444
429, 443
428, 442
427, 441
427, 440
427, 439
427, 438
427, 437
427, 436
426, 435
426, 434
426, 433
426, 432
425, 431
424, 430
424, 429
424, 428
423, 427
422, 426
422, 425
422, 424
422, 423
422, 422
422, 421
422, 420
421, 419
421, 418
421, 417
420, 416
419, 415
419, 414
419, 413
419, 412
419, 411
418, 410
418, 409
418, 408
418, 407
418, 406
418, 405
418, 404
418, 403
418, 402
418, 401
418, 400
418, 399
418, 398
418, 397
418, 396
418, 395
418, 394
418, 393
419, 392
420, 391
