999, 740
998, 739
997, 738
996, 737
995, 736
994, 735
993, 734
992, 733
991, 732
990, 731
989, 730
988, 729
987, 728
986, 727
985, 726
984, 725
983, 724
982, 723
981, 722
980, 721
979, 720
978, 719
977, 719
976, 720
975, 720
974, 720
973, 720
972, 719
971, 719
970, 719
969, 719
968, 718
967, 718
966, 719
965, 718
964, 717
963, 717
962, 717
961, 717
960, 716
959, 716
958, 716
957, 716
956, 716
955, 716
954, 715
953, 714
952, 714
951, 713
950, 712
949, 712
948, 712
947, 712
946, 711
945, 711
944, 711
943, 711
942, 711
941, 710
940, 709
939, 709
938, 709
937, 709
936, 709
935, 708
934, 708
933, 708
932, 708
931, 708
930, 707
929, 706
928, 706
927, 706
926, 706
925, 706
924, 705
923, 705
922, 705
921, 705
920, 705
919, 704
918, 703
917, 703
916, 703
915, 703
914, 703
913, 702
912, 702
911, 702
910, 702
909, 702
908, 701
907, 700
906, 699
905, 698
904, 697
903, 696
902, 695
901, 694
900, 693
899, 692
898, 691
898, 690
898, 689
898, 688
899, 687
900, 686
900, 685
901, 684
902, 683
902, 682
902, 681
901, 680
900, 679
899, 678
900, 677
901, 676
902, 675
903, 674
904, 673
905, 672
906, 671
907, 670
908, 669
909, 668
910, 667
911, 666
911, 665
911, 664
912, 663
912, 662
913, 661
914, 660
914, 659
915, 658
916, 657
916, 656
916, 655
917, 654
917, 653
918, 652
919, 651
919, 650
920, 649
920, 648
921, 647
922, 646
922, 645
922, 644
923, 643
923, 642
924, 641
925, 640
925, 639
925, 638
925, 637
924, 636
923, 635
922, 634
921, 633
920, 632
919, 631
918, 630
917, 629
916, 628
915, 627
914, 626
913, 625
912, 625
911, 624
910, 623
909, 622
908, 622
907, 621
906, 620
905, 620
904, 619
903, 618
902, 617
901, 616
900, 615
899, 614
898, 613
897, 612
896, 611
895, 610
896, 609
897, 608
897, 607
897, 606
896, 605
895, 604
894, 603
893, 602
892, 601
891, 600
890, 599
889, 598
888, 597
887, 596
886, 595
885, 594
884, 593
883, 592
882, 591
881, 590
880, 589
879, 588
878, 587
877, 586
876, 585
875, 584
874, 583
873, 583
872, 582
871, 581
870, 581
869, 580
868, 579
867, 578
866, 577
865, 576
864, 575
863, 574
862, 573
861, 572
862, 571
862, 570
863, 569
864, 568
865, 567
866, 566
866, 565
866, 564
867, 563
867, 562
868, 561
869, 560
869, 559
869, 558
870, 557
871, 556
872, 555
872, 554
872, 553
873, 552
873, 551
874, 550
875, 549
875, 548
876, 547
877, 546
877, 545
878, 544
878, 543
879, 542
880, 541
880, 540
880, 539
881, 538
882, 537
883, 536
883, 535
883, 534
884, 533
884, 532
885, 531
886, 530
885, 529
884, 528
883, 527
882, 526
881, 525
880, 524
879, 523
878, 522
877, 521
876, 520
875, 519
874, 518
873, 517
872, 516
871, 515
870, 514
869, 513
868, 512
867, 511
866, 510
865, 509
864, 508
863, 507
862, 506
861, 505
860, 504
859, 503
858, 502
857, 501
856, 500
855, 499
854, 498
853, 497
852, 496
851, 495
850, 494
849, 493
848, 492
847, 491
846, 490
845, 489
844, 488
843, 487
842, 486
841, 486
840, 486
839, 486
838, 486
837, 486
836, 486
835, 486
834, 486
833, 486
832, 486
831, 486
830, 486
829, 487
828, 487
827, 487
826, 487
825, 487
824, 487
823, 487
822, 487
821, 487
820, 487
819, 487
818, 487
817, 488
816, 489
815, 489
814, 489
813, 489
812, 489
811, 490
810, 491
809, 491
808, 491
807, 491
806, 491
805, 491
804, 492
803, 492
802, 492
801, 492
800, 492
799, 491
798, 490
797, 489
796, 488
795, 487
794, 486
793, 485
792, 484
791, 483
790, 482
789, 481
788, 480
787, 479
786, 478
786, 477
787, 476
788, 475
789, 474
789, 473
789, 472
789, 471
789, 470
789, 469
789, 468
789, 467
789, 466
789, 465
790, 464
791, 463
791, 462
791, 461
791, 460
791, 459
791, 458
791, 457
791, 456
791, 455
791, 454
791, 453
791, 452
791, 451
791, 450
791, 449
791, 448
790, 447
789, 446
788, 445
787, 444
786, 443
785, 442
784, 441
783, 440
782, 439
781, 438
780, 437
779, 437
778, 437
777, 436
776, 436
775, 436
774, 435
773, 434
772, 434
771, 433
770, 433
769, 433
768, 433
767, 433
766, 432
765, 431
764, 431
763, 430
762, 430
761, 430
760, 429
759, 428
758, 428
757, 428
756, 428
755, 427
754, 427
753, 427
752, 426
751, 425
750, 425
749, 424
748, 423
747, 422
746, 421
745, 420
744, 419
743, 418
742, 417
741, 416
740, 415
739, 414
738, 413
737, 412
736, 411
735, 410
734, 409
733, 408
732, 407
731, 406
730, 405
729, 404
728, 403
727, 403
726, 404
725, 405
724, 406
723, 406
722, 405
721, 404
720, 403
719, 402
718, 401
717, 400
716, 399
715, 398
714, 397
713, 396
712, 395
711, 394
710, 393
709, 392
708, 391
707, 390
706, 389
705, 388
704, 387
703, 386
702, 385
702, 384
702, 383
702, 382
702, 381
701, 380
700, 379
700, 378
699, 377
698, 376
698, 375
698, 374
698, 373
697, 372
697, 371
697, 370
696, 369
695, 368
695, 367
695, 366
695, 365
695, 364
695, 363
695, 362
694, 361
694, 360
694, 359
694, 358
694, 357
694, 356
694, 355
694, 354
694, 353
693, 352
692, 351
692, 350
692, 349
692, 348
692, 347
692, 346
692, 345
692, 344
691, 343
691, 342
691, 341
691, 340
691, 339
691, 338
691, 337
691, 336
691, 335
691, 334
691, 333
691, 332
691, 331
691, 330
691, 329
691, 328
691, 327
691, 326
691, 325
691, 324
691, 323
691, 322
691, 321
691, 320
691, 319
691, 318
691, 317
691, 316
691, 315
691, 314
691, 313
691, 312
691, 311
692, 310
692, 309
692, 308
692, 307
692, 306
692, 305
692, 304
692, 303
693, 302
694, 301
694, 300
694, 299
694, 298
694, 297
694, 296
694, 295
694, 294
694, 293
694, 292
695, 291
695, 290
695, 289
695, 288
695, 287
695, 286
695, 285
695, 284
696, 283
697, 282
697, 281
697, 280
697, 279
697, 278
697, 277
697, 276
697, 275
697, 274
697, 273
698, 272
698, 271
698, 270
698, 269
698, 268
698, 267
698, 266
698, 265
699, 264
700, 263
700, 262
700, 261
700, 260
700, 259
700, 258
700, 257
700, 256
701, 255
702, 254
702, 253
702, 252
702, 251
702, 250
702, 249
702, 248
702, 247
702, 246
702, 245
703, 244
703, 243
703, 242
703, 241
703, 240
703, 239
703, 238
703, 237
704, 236
705, 235
705, 234
705, 233
705, 232
705, 231
705, 230
705, 229
705, 228
705, 227
706, 226
706, 225
706, 224
706, 223
706, 222
706, 221
706, 220
706, 219
706, 218
707, 217
708, 216
708, 215
708, 214
708, 213
708, 212
707, 211
706, 210
706, 209
706, 208
705, 207
705, 206
704, 205
703, 204
702, 203
701, 202
700, 201
699, 200
698, 199
697, 198
696, 197
695, 196
694, 195
693, 194
692, 193
691, 192
690, 191
689, 190
688, 189
687, 188
686, 187
685, 186
684, 185
683, 184
682, 183
681, 182
680, 181
679, 180
678, 179
677, 178
676, 177
675, 176
674, 175
673, 174
672, 173
671, 172
670, 171
669, 170
668, 169
667, 168
666, 167
665, 166
664, 165
663, 164
662, 163
661, 162
660, 161
659, 160
658, 159
657, 158
656, 157
655, 156
654, 155
653, 154
652, 153
651, 152
650, 151
649, 150
648, 149
647, 148
646, 147
645, 146
644, 145
643, 144
642, 143
641, 142
641, 141
640, 140
639, 139
639, 138
639, 137
639, 136
639, 135
639, 134
638, 133
637, 132
637, 131
637, 130
636, 129
636, 128
636, 127
636, 126
636, 125
635, 124
634, 123
634, 122
634, 121
634, 120
634, 119
633, 118
633, 117
633, 116
633, 115
633, 114
632, 113
631, 112
630, 111
629, 110
628, 109
627, 108
626, 107
625, 106
624, 105
623, 104
622, 103
621, 102
620, 101
619, 100
619, 99
619, 98
618, 97
617, 96
616, 95
615, 94
614, 93
614, 92
613, 91
612, 90
611, 89
610, 88
609, 87
609, 86
608, 85
608, 84
607, 83
606, 82
605, 81
605, 80
604, 79
603, 78
602, 77
601, 76
600, 75
600, 74
600, 73
599, 72
598, 71
597, 70
597, 69
596, 68
595, 67
595, 66
594, 65
594, 64
594, 63
594, 62
593, 61
592, 60
592, 59
591, 58
591, 57
591, 56
590, 55
589, 54
588, 53
587, 52
586, 51
585, 50
584, 51
583, 52
582, 53
581, 54
580, 55
579, 56
578, 57
577, 58
576, 59
575, 60
574, 61
573, 62
572, 63
571, 64
570, 65
569, 66
568, 67
567, 68
566, 69
565, 70
564, 71
563, 72
562, 73
561, 74
560, 75
559, 76
558, 77
557, 78
556, 79
555, 80
554, 81
553, 82
552, 83
551, 84
550, 85
549, 86
548, 87
547, 88
546, 89
545, 90
544, 91
543, 92
542, 93
541, 94
540, 95
539, 96
538, 97
537, 98
536, 99
536, 100
536, 101
535, 102
534, 103
534, 104
533, 105
532, 106
531, 107
531, 108
530, 109
530, 110
530, 111
529, 112
528, 113
528, 114
528, 115
527, 116
526, 117
525, 118
525, 119
524, 120
523, 121
523, 122
522, 123
522, 124
522, 125
522, 126
521, 127
520, 128
520, 129
519, 130
519, 131
519, 132
518, 133
517, 134
517, 135
516, 136
515, 137
514, 138
514, 139
514, 140
513, 141
512, 142
512, 143
511, 144
511, 145
511, 146
510, 147
509, 148
508, 149
507, 150
506, 151
505, 152
504, 153
503, 154
502, 155
501, 156
500, 156
499, 156
498, 157
497, 158
496, 159
495, 159
494, 158
493, 157
492, 156
491, 155
490, 154
489, 153
488, 152
487, 152
486, 152
485, 151
484, 150
483, 149
482, 148
481, 147
480, 146
479, 145
478, 145
477, 144
476, 144
475, 144
474, 144
473, 144
472, 144
471, 143
470, 142
469, 141
468, 140
467, 139
466, 138
465, 137
464, 136
463, 135
462, 134
461, 133
460, 132
459, 131
458, 130
457, 129
456, 128
455, 127
454, 126
453, 125
452, 124
451, 123
450, 122
449, 121
448, 120
447, 119
446, 118
445, 117
444, 116
443, 115
442, 114
441, 113
440, 112
439, 111
438, 110
437, 109
436, 108
435, 107
434, 106
433, 105
432, 104
431, 103
430, 102
429, 101
428, 100
427, 100
426, 99
425, 98
424, 97
423, 97
422, 97
421, 96
420, 95
419, 94
418, 93
417, 92
416, 92
415, 91
414, 91
413, 90
412, 89
411, 89
410, 88
409, 87
408, 87
407, 86
406, 87
405, 88
404, 89
403, 90
402, 91
401, 92
400, 93
399, 94
398, 95
397, 96
396, 97
395, 98
394, 99
393, 100
392, 101
391, 102
390, 103
389, 104
388, 105
387, 106
386, 107
385, 108
384, 109
383, 110
382, 111
381, 112
380, 113
379, 114
378, 115
377, 116
376, 117
375, 118
374, 119
373, 120
372, 121
371, 122
370, 122
369, 123
368, 122
367, 122
366, 121
365, 120
364, 119
363, 118
362, 117
361, 116
360, 116
359, 116
358, 115
357, 114
356, 113
355, 112
354, 111
353, 110
352, 109
351, 108
350, 107
349, 106
348, 105
347, 104
346, 103
345, 102
344, 101
343, 100
342, 99
341, 98
340, 97
339, 96
338, 95
337, 94
336, 93
335, 93
334, 94
333, 95
332, 96
331, 97
330, 98
329, 99
328, 100
327, 101
326, 102
325, 103
324, 104
323, 105
322, 106
321, 107
320, 108
319, 109
318, 110
317, 111
316, 112
315, 113
314, 114
313, 115
312, 116
311, 117
310, 118
309, 119
308, 120
307, 121
306, 122
305, 123
304, 124
303, 125
302, 126
301, 127
300, 127
299, 128
298, 129
297, 130
296, 129
295, 128
294, 127
293, 126
292, 125
291, 124
290, 123
289, 122
288, 121
287, 120
286, 119
285, 118
284, 117
283, 116
282, 115
281, 114
280, 113
279, 112
278, 111
277, 110
276, 109
275, 108
274, 107
273, 106
272, 105
271, 104
270, 103
269, 102
268, 101
267, 100
266, 99
265, 98
264, 97
263, 96
262, 95
261, 94
260, 93
259, 92
258, 91
257, 90
256, 89
255, 88
254, 87
253, 86
252, 85
251, 84
250, 83
249, 82
248, 81
247, 80
246, 79
245, 78
244, 77
243, 76
242, 75
241, 74
240, 73
239, 72
238, 71
237, 70
236, 69
235, 68
234, 67
233, 66
232, 65
231, 64
230, 63
229, 62
228, 61
227, 60
226, 59
225, 58
224, 57
223, 56
222, 55
221, 54
220, 53
219, 52
218, 51
217, 50
216, 49
216, 48
216, 47
215, 46
214, 45
213, 44
212, 43
211, 42
211, 41
210, 40
209, 39
208, 38
207, 37
206, 36
205, 35
204, 34
203, 33
202, 32
201, 31
200, 30
199, 29
198, 28
197, 27
196, 26
195, 25
194, 24
193, 23
192, 22
191, 21
190, 20
189, 19
188, 18
187, 17
186, 18
185, 19
184, 20
183, 21
182, 22
181, 22
180, 23
179, 24
178, 25
177, 26
176, 27
175, 27
174, 27
173, 28
172, 29
171, 30
170, 30
169, 31
168, 31
167, 32
166, 33
165, 34
164, 35
163, 36
162, 36
161, 37
160, 38
159, 39
158, 40
157, 41
156, 41
155, 41
154, 42
153, 43
152, 44
151, 44
150, 44
149, 43
148, 42
147, 41
146, 40
145, 39
144, 38
143, 37
142, 36
141, 35
140, 34
139, 33
138, 32
137, 31
136, 30
135, 29
134, 28
133, 27
132, 26
131, 25
130, 24
129, 23
128, 22
127, 21
126, 20
125, 19
124, 18
123, 17
122, 16
121, 15
120, 14
119, 13
118, 12
117, 11
116, 11
115, 12
114, 13
113, 14
112, 15
111, 16
110, 16
109, 17
108, 18
107, 19
106, 20
105, 21
104, 22
103, 22
102, 22
101, 23
100, 24
99, 25
98, 26
97, 27
96, 27
95, 28
94, 29
93, 30
92, 30
91, 31
90, 31
89, 32
88, 33
87, 34
86, 35
85, 36
84, 36
83, 37
82, 38
81, 39
80, 40
79, 41
78, 41
77, 41
76, 42
75, 43
74, 44
73, 44
72, 45
71, 45
70, 46
69, 47
68, 48
67, 48
66, 48
65, 47
64, 46
63, 45
62, 44
61, 43
60, 42
59, 41
58, 40
57, 39
56, 38
55, 37
54, 36
53, 35
52, 34
51, 33
50, 32
49, 31
48, 30
47, 29
46, 28
45, 27
44, 26
43, 25
42, 24
41, 23
40, 22
39, 21
38, 20
37, 19
36, 18
35, 17
34, 16
33, 15
32, 14
31, 13
30, 12
29, 11
28, 10
27, 9
26, 8
25, 7
24, 6
23, 5
22, 4
21, 3
22, 2
23, 1
